n100w100.001.txt    	  102	 2892	   22	    4	 4090	 7512	  6945	  2892	     0	    0.43	    0.82	    0.04	    0.16	    0.00	    0.00	    0.11	    0.27	       85	     2848	     3035	        0	        0	       15	       22	        637.0000	           643.0	        643.0000	          643.00	   2	
n100w100.002.txt    	  102	 2766	   58	    6	 4175	 7638	  5991	  2766	     0	    0.00	    0.14	    0.02	    0.02	    0.00	    0.00	    0.02	    0.02	        0	     3655	     3655	        0	        0	        0	        0	          0.0000	             0.0	        619.0000	          619.00	   2	
n100w100.003.txt    	  102	 2811	   25	    5	 4146	 7593	  6046	  2811	     0	    0.00	    0.37	    0.05	    0.05	    0.00	    0.00	    0.04	    0.04	        0	     2703	     2703	        0	        0	        3	        3	          0.0000	             0.0	        685.0000	          685.00	   2	
n100w100.004.txt    	  102	 2880	    5	    3	 4111	 7524	  6789	  2880	     0	    0.20	  567.38	    0.02	  149.28	    0.00	    0.02	    0.01	  194.75	   148585	     4080	    16680	        0	        0	        0	      755	        655.4167	           684.0	        684.0000	          684.00	   2	
n100w100.005.txt    	  102	 3094	   15	    4	 4025	 7310	  7109	  3094	     0	    0.00	    0.21	    0.03	    0.03	    0.00	    0.00	    0.03	    0.03	        0	     3309	     3309	        0	        0	        2	        2	          0.0000	             0.0	        572.0000	          572.00	   2	
n100w120.001.txt    	  102	 3277	    0	    2	 4026	 7127	  7339	  3277	     0	    0.00	    0.27	    0.03	    0.03	    0.00	    0.00	    0.03	    0.03	        1	     4161	     4161	        0	        0	        1	        1	          0.0000	             0.0	        629.0000	          629.00	   2	
n100w120.002.txt    	  102	 3374	    0	    2	 3987	 7030	  7716	  3374	     0	    0.81	    3.27	    0.10	    0.90	    0.00	    0.00	    0.03	    0.76	      425	     4065	     4776	        0	        0	        0	       17	        531.9098	           540.0	        540.0000	          540.00	   2	
n100w120.003.txt    	  102	 3815	    0	    2	 3821	 6589	 11367	  3815	     0	    0.00	    0.20	    0.01	    0.01	    0.00	    0.00	    0.01	    0.01	        0	     3608	     3608	        0	        0	        0	        0	          0.0000	             0.0	        617.0000	          617.00	   2	
n100w120.004.txt    	  102	 3124	    0	    2	 4107	 7280	  6775	  3124	     0	    0.31	    0.66	    0.03	    0.12	    0.00	    0.00	    0.04	    0.10	       30	     2721	     2950	        0	        0	        2	        6	        657.8684	           663.0	        663.0000	          663.00	   2	
n100w120.005.txt    	  102	 3846	    0	    2	 3857	 6558	  9554	  3846	     0	    0.00	    0.32	    0.03	    0.03	    0.00	    0.00	    0.01	    0.01	        0	     3795	     3795	        0	        0	        0	        0	          0.0000	             0.0	        537.0000	          537.00	   2	
n100w140.001.txt    	  102	 4045	    0	    2	 3669	 6359	 12214	  4045	     0	    0.17	    0.29	    0.01	    0.03	    0.00	    0.00	    0.01	    0.02	        8	     3428	     3787	        0	        0	        0	        1	        593.5000	           604.0	        604.0000	          604.00	   2	
n100w140.002.txt    	  102	 3827	    0	    2	 3827	 6577	 10429	  3827	     0	    0.60	    0.63	    0.07	    0.08	    0.00	    0.00	    0.09	    0.11	        5	     4359	     4359	        0	        0	        5	        8	        614.0000	           615.0	        615.0000	          615.00	   2	
n100w140.003.txt    	  102	 3864	    0	    3	 3809	 6540	  9651	  3864	     0	    0.80	    1.23	    0.09	    0.16	    0.00	    0.00	    0.05	    0.08	       17	     4197	     4411	        0	        0	        3	        4	        477.2351	           481.0	        481.0000	          481.00	   2	
n100w140.004.txt    	  102	 3787	    0	    2	 3829	 6617	 10495	  3787	     0	    0.00	    0.13	    0.01	    0.01	    0.00	    0.00	    0.01	    0.01	        0	     3664	     3664	        0	        0	        0	        0	          0.0000	             0.0	        533.0000	          533.00	   2	
n100w140.005.txt    	  102	 4028	    0	    3	 3768	 6376	  9190	  4028	     0	    0.00	    0.28	    0.03	    0.03	    0.00	    0.00	    0.02	    0.02	        0	     3464	     3464	        0	        0	        1	        1	          0.0000	             0.0	        509.0000	          509.00	   2	
n100w160.001.txt    	  102	 4391	    0	    2	 3573	 6013	 13608	  4391	     0	    1.17	    2.07	    0.16	    0.34	    0.00	    0.00	    0.04	    0.13	       37	     4411	     4561	        0	        0	        2	        5	        576.5004	           582.0	        582.0000	          582.00	   2	
n100w160.002.txt    	  102	 4375	    0	    2	 3546	 6029	 14726	  4375	     0	    1.04	    2.81	    0.08	    0.55	    0.00	    0.00	    0.03	    0.19	       78	     4542	     5444	        0	        0	        0	        5	        524.4615	           532.0	        532.0000	          532.00	   2	
n100w160.003.txt    	  102	 4103	    0	    2	 3676	 6301	 10562	  4103	     0	    0.00	    0.28	    0.02	    0.02	    0.00	    0.00	    0.01	    0.01	        0	     3074	     3074	        0	        0	        0	        0	          0.0000	             0.0	        495.0000	          495.00	   2	
n100w160.004.txt    	  102	 4308	    4	    2	 3582	 6096	 13830	  4308	     0	    1.09	    2.30	    0.13	    0.39	    0.00	    0.00	    0.04	    0.12	       46	     4821	     5623	        0	        0	        1	        3	        572.1333	           580.0	        580.0000	          580.00	   2	
n100w160.005.txt    	  102	 4075	    0	    3	 3703	 6329	 10968	  4075	     0	    0.81	    2.34	    0.12	    0.60	    0.00	    0.00	    0.03	    0.21	      104	     4143	     4750	        0	        0	        1	        5	        579.1831	           586.0	        586.0000	          586.00	   2	
n100w80.001.txt     	  102	 2219	   51	    4	 4342	 8185	  4485	  2219	     0	    0.39	    0.62	    0.04	    0.09	    0.00	    0.00	    0.08	    0.19	       54	     3204	     3317	        0	        0	        7	       18	        668.0000	           670.0	        670.0000	          670.00	   2	
n100w80.002.txt     	  102	 1926	  103	    5	 4455	 8478	  3465	  1926	     0	    0.00	    0.19	    0.02	    0.02	    0.00	    0.00	    0.03	    0.03	        0	     3486	     3486	        0	        0	        4	        4	          0.0000	             0.0	        668.0000	          668.00	   2	
n100w80.003.txt     	  102	 2103	   64	    5	 4389	 8301	  3691	  2103	     0	    0.00	    0.07	    0.01	    0.01	    0.00	    0.00	    0.01	    0.01	        0	     2253	     2253	        0	        0	        0	        0	          0.0000	             0.0	        691.0000	          691.00	   2	
n100w80.004.txt     	  102	 2275	   21	    4	 4325	 8129	  4861	  2275	     0	    0.25	    0.30	    0.03	    0.03	    0.00	    0.00	    0.05	    0.08	        6	     3783	     3783	        0	        0	        4	        8	        698.0000	           700.0	        700.0000	          700.00	   2	
n100w80.005.txt     	  102	 2531	   28	    3	 4228	 7873	  5383	  2531	     0	    0.00	    0.12	    0.01	    0.01	    0.00	    0.00	    0.01	    0.01	        0	     2478	     2478	        0	        0	        0	        0	          0.0000	             0.0	        603.0000	          603.00	   2	
n20w120.001.txt     	   22	  244	    0	    2	  145	  240	   174	   244	     0	    0.00	    0.00	    0.00	    0.00	    0.00	    0.00	    0.00	    0.00	        0	       45	       45	        0	        0	        0	        0	          0.0000	             0.0	        267.0000	          267.00	   2	
n20w120.002.txt     	   22	  300	    1	    3	  119	  184	   408	   300	     0	    0.16	    0.20	    0.01	    0.01	    0.00	    0.00	    0.00	    0.01	       48	      141	      204	        0	        0	        1	        1	        211.3826	           218.0	        218.0000	          218.00	   2	
n20w120.003.txt     	   22	  254	    0	    2	  138	  230	   305	   254	     0	    0.00	    0.06	    0.00	    0.00	    0.00	    0.00	    0.00	    0.00	        0	      150	      150	        0	        0	        3	        3	          0.0000	             0.0	        303.0000	          303.00	   2	
n20w120.004.txt     	   22	  248	    0	    2	  146	  236	   303	   248	     0	    0.00	    0.02	    0.00	    0.00	    0.00	    0.00	    0.01	    0.01	        0	      175	      175	        0	        0	        1	        1	          0.0000	             0.0	        300.0000	          300.00	   2	
n20w120.005.txt     	   22	  266	    0	    2	  139	  218	   284	   266	     0	    0.00	    0.00	    0.00	    0.00	    0.00	    0.00	    0.00	    0.00	        0	       81	       81	        0	        0	        0	        0	          0.0000	             0.0	        240.0000	          240.00	   2	
n20w140.001.txt     	   22	  323	    0	    2	  116	  161	   370	   323	     0	    0.00	    0.00	    0.00	    0.00	    0.00	    0.00	    0.00	    0.00	        0	       59	       59	        0	        0	        0	        0	          0.0000	             0.0	        176.0000	          176.00	   2	
n20w140.002.txt     	   22	  279	    1	    2	  130	  205	   357	   279	     0	    0.12	    0.30	    0.00	    0.02	    0.00	    0.00	    0.01	    0.08	      139	      139	      254	        0	        0	        7	       38	        259.8654	           272.0	        272.0000	          272.00	   2	
n20w140.003.txt     	   22	  296	    0	    2	  126	  188	   350	   296	     0	    0.00	    0.03	    0.00	    0.00	    0.00	    0.00	    0.01	    0.01	        0	       93	       93	        0	        0	        5	        5	          0.0000	             0.0	        236.0000	          236.00	   2	
n20w140.004.txt     	   22	  306	    0	    2	  113	  178	   341	   306	     0	    0.10	    0.11	    0.00	    0.00	    0.00	    0.00	    0.01	    0.01	       13	       97	      118	        0	        0	        4	        6	        253.0000	           255.0	        255.0000	          255.00	   2	
n20w140.005.txt     	   22	  285	    0	    2	  129	  199	   340	   285	     0	    0.00	    0.01	    0.00	    0.00	    0.00	    0.00	    0.00	    0.00	        0	      103	      103	        0	        0	        1	        1	          0.0000	             0.0	        225.0000	          225.00	   2	
n20w160.001.txt     	   22	  299	    0	    2	  120	  185	   310	   299	     0	    0.02	    0.03	    0.00	    0.00	    0.00	    0.00	    0.01	    0.02	       13	       91	      103	        0	        0	        3	        7	        232.6667	           241.0	        241.0000	          241.00	   2	
n20w160.002.txt     	   22	  314	    2	    2	  115	  170	   389	   314	     0	    0.00	    0.00	    0.00	    0.00	    0.00	    0.00	    0.00	    0.00	        0	       61	       61	        0	        0	        0	        0	          0.0000	             0.0	        201.0000	          201.00	   2	
n20w160.003.txt     	   22	  281	    0	    2	  129	  203	   264	   281	     0	    0.00	    0.00	    0.00	    0.00	    0.00	    0.00	    0.00	    0.00	        0	       39	       39	        0	        0	        0	        0	          0.0000	             0.0	        201.0000	          201.00	   2	
n20w160.004.txt     	   22	  337	    0	    2	   96	  147	   341	   337	     0	    0.00	    0.04	    0.00	    0.00	    0.00	    0.00	    0.00	    0.00	        0	       63	       63	        0	        0	        0	        0	          0.0000	             0.0	        203.0000	          203.00	   2	
n20w160.005.txt     	   22	  303	    0	    2	  117	  181	   434	   303	     0	    0.01	    0.02	    0.00	    0.00	    0.00	    0.00	    0.00	    0.00	       10	      101	      123	        0	        0	        0	        0	        226.0000	           245.0	        245.0000	          245.00	   2	
n20w180.001.txt     	   22	  301	    0	    2	  119	  183	   359	   301	     0	    0.00	    0.01	    0.00	    0.00	    0.00	    0.00	    0.00	    0.00	        0	       92	       92	        0	        0	        0	        0	          0.0000	             0.0	        253.0000	          253.00	   2	
n20w180.002.txt     	   22	  308	    0	    2	  111	  176	   415	   308	     0	    0.00	    0.01	    0.00	    0.00	    0.00	    0.00	    0.00	    0.00	        0	       97	       97	        0	        0	        0	        0	          0.0000	             0.0	        265.0000	          265.00	   2	
n20w180.003.txt     	   22	  337	    0	    2	  100	  147	   431	   337	     0	    0.07	    0.13	    0.00	    0.02	    0.00	    0.00	    0.00	    0.02	       65	      100	      147	        0	        0	        2	        7	        249.4139	           271.0	        271.0000	          271.00	   2	
n20w180.004.txt     	   22	  339	    0	    2	   99	  145	   480	   339	     0	    0.00	    0.01	    0.00	    0.00	    0.00	    0.00	    0.00	    0.00	        0	       66	       66	        0	        0	        2	        2	          0.0000	             0.0	        201.0000	          201.00	   2	
n20w180.005.txt     	   22	  358	    0	    2	   83	  126	   396	   358	     0	    0.00	    0.03	    0.00	    0.00	    0.00	    0.00	    0.00	    0.00	        0	       70	       70	        0	        0	        0	        0	          0.0000	             0.0	        193.0000	          193.00	   2	
n20w200.001.txt     	   22	  350	    0	    2	   88	  134	   433	   350	     0	    0.00	    0.21	    0.01	    0.01	    0.00	    0.00	    0.01	    0.01	        0	       99	       99	        0	        0	        3	        3	          0.0000	             0.0	        233.0000	          233.00	   2	
n20w200.002.txt     	   22	  373	    0	    2	   73	  111	   452	   373	     0	    0.00	    0.09	    0.00	    0.00	    0.00	    0.00	    0.00	    0.00	        0	       74	       74	        0	        0	        2	        2	          0.0000	             0.0	        203.0000	          203.00	   2	
n20w200.003.txt     	   22	  339	    0	    2	   93	  145	   418	   339	     0	    0.00	    0.09	    0.00	    0.00	    0.00	    0.00	    0.00	    0.00	        0	       99	       99	        0	        0	        0	        0	          0.0000	             0.0	        249.0000	          249.00	   2	
n20w200.004.txt     	   22	  337	    0	    2	   96	  147	   440	   337	     0	    0.14	    0.24	    0.00	    0.02	    0.00	    0.00	    0.00	    0.03	      132	      127	      164	        0	        0	        1	       17	        279.7778	           293.0	        293.0000	          293.00	   2	
n20w200.005.txt     	   22	  363	    0	    2	   79	  121	   401	   363	     0	    0.00	    0.02	    0.00	    0.00	    0.00	    0.00	    0.00	    0.00	        0	       59	       59	        0	        0	        0	        0	          0.0000	             0.0	        227.0000	          227.00	   2	
n40w120.001.txt     	   42	  743	    1	    2	  604	 1021	   959	   743	     0	    0.00	    0.02	    0.00	    0.00	    0.00	    0.00	    0.00	    0.00	        0	      461	      461	        0	        0	        0	        0	          0.0000	             0.0	        434.0000	          434.00	   2	
n40w120.002.txt     	   42	  806	    0	    2	  574	  958	  1367	   806	     0	    0.00	    0.03	    0.00	    0.00	    0.00	    0.00	    0.00	    0.00	        0	      604	      604	        0	        0	        1	        1	          0.0000	             0.0	        445.0000	          445.00	   2	
n40w120.003.txt     	   42	  852	    0	    2	  566	  912	  1167	   852	     0	    0.00	    0.13	    0.01	    0.01	    0.00	    0.00	    0.03	    0.03	        0	      502	      502	        0	        0	        9	        9	          0.0000	             0.0	        357.0000	          357.00	   2	
n40w120.004.txt     	   42	  893	    0	    2	  549	  871	  1566	   893	     0	    0.18	    0.37	    0.01	    0.04	    0.00	    0.00	    0.01	    0.04	       35	      864	      999	        0	        0	        3	       12	        293.5000	           303.0	        303.0000	          303.00	   2	
n40w120.005.txt     	   42	  804	    5	    3	  582	  960	  1243	   804	     0	    0.00	    0.01	    0.00	    0.00	    0.00	    0.00	    0.00	    0.00	        0	      290	      290	        0	        0	        0	        0	          0.0000	             0.0	        350.0000	          350.00	   2	
n40w140.001.txt     	   42	  858	    0	    2	  561	  906	  1264	   858	     0	    0.00	    0.02	    0.00	    0.00	    0.00	    0.00	    0.01	    0.01	        0	      360	      360	        0	        0	        5	        5	          0.0000	             0.0	        328.0000	          328.00	   2	
n40w140.002.txt     	   42	  895	    0	    2	  548	  869	  1354	   895	     0	    0.39	    0.41	    0.03	    0.04	    0.00	    0.00	    0.01	    0.01	        7	      786	      821	        0	        0	        0	        0	        380.5000	           383.0	        383.0000	          383.00	   2	
n40w140.003.txt     	   42	  825	    0	    2	  571	  939	  1373	   825	     0	    0.00	    0.11	    0.00	    0.00	    0.00	    0.00	    0.01	    0.01	        0	      841	      841	        0	        0	        8	        8	          0.0000	             0.0	        398.0000	          398.00	   2	
n40w140.004.txt     	   42	  963	    0	    2	  516	  801	  1725	   963	     0	    0.00	    0.01	    0.00	    0.00	    0.00	    0.00	    0.00	    0.00	        0	      318	      318	        0	        0	        0	        0	          0.0000	             0.0	        342.0000	          342.00	   2	
n40w140.005.txt     	   42	 1025	    0	    2	  484	  739	  2139	  1025	     0	    0.16	    0.38	    0.02	    0.06	    0.00	    0.00	    0.00	    0.02	       48	      578	      795	        0	        0	        0	        1	        355.7647	           371.0	        371.0000	          371.00	   2	
n40w160.001.txt     	   42	 1007	    0	    2	  489	  757	  1922	  1007	     0	    0.04	    0.07	    0.00	    0.01	    0.00	    0.00	    0.00	    0.01	       10	      573	      665	        0	        0	        0	        0	        335.0000	           348.0	        348.0000	          348.00	   2	
n40w160.002.txt     	   42	 1015	    0	    2	  483	  749	  1906	  1015	     0	    0.00	    0.01	    0.00	    0.00	    0.00	    0.00	    0.00	    0.00	        0	      313	      313	        0	        0	        0	        0	          0.0000	             0.0	        337.0000	          337.00	   2	
n40w160.003.txt     	   42	 1021	    0	    2	  459	  743	  1993	  1021	     0	    0.00	    0.10	    0.01	    0.01	    0.00	    0.00	    0.01	    0.01	        0	      631	      631	        0	        0	        1	        1	          0.0000	             0.0	        346.0000	          346.00	   2	
n40w160.004.txt     	   42	 1174	    0	    3	  410	  590	  2339	  1174	     0	    0.00	    0.06	    0.01	    0.01	    0.00	    0.00	    0.00	    0.00	        0	      336	      336	        0	        0	        1	        1	          0.0000	             0.0	        288.0000	          288.00	   2	
n40w160.005.txt     	   42	 1116	    0	    2	  441	  648	  2347	  1116	     0	    0.17	    0.27	    0.01	    0.03	    0.00	    0.00	    0.00	    0.01	       20	      423	      471	        0	        0	        0	        2	        304.5000	           315.0	        315.0000	          315.00	   2	
n40w180.001.txt     	   42	 1097	    0	    2	  440	  667	  2621	  1097	     0	    0.41	    0.57	    0.04	    0.06	    0.00	    0.00	    0.02	    0.03	       13	      714	      743	        0	        0	        3	        5	        331.8205	           337.0	        337.0000	          337.00	   2	
n40w180.002.txt     	   42	 1144	    0	    2	  409	  620	  2358	  1144	     0	    0.21	    0.31	    0.01	    0.02	    0.00	    0.00	    0.00	    0.02	        7	      500	      570	        0	        0	        0	        2	        336.4218	           347.0	        347.0000	          347.00	   2	
n40w180.003.txt     	   42	 1089	    1	    2	  443	  675	  2090	  1089	     0	    0.02	    0.02	    0.00	    0.00	    0.00	    0.00	    0.00	    0.00	        3	      305	      367	        0	        0	        0	        0	        277.0000	           279.0	        279.0000	          279.00	   2	
n40w180.004.txt     	   42	 1072	    0	    2	  452	  692	  2246	  1072	     0	    0.19	    0.95	    0.01	    0.26	    0.00	    0.00	    0.01	    0.12	      294	      495	      978	        0	        0	        3	        8	        341.8158	           354.0	        354.0000	          354.00	   2	
n40w180.005.txt     	   42	 1230	    0	    2	  378	  534	  2873	  1230	     0	    0.18	    0.33	    0.01	    0.04	    0.00	    0.00	    0.01	    0.04	       29	      442	      523	        0	        0	        1	        3	        327.5556	           335.0	        335.0000	          335.00	   2	
n40w200.001.txt     	   42	 1271	    1	    3	  342	  493	  3137	  1271	     0	    0.22	    0.59	    0.02	    0.09	    0.00	    0.00	    0.01	    0.03	       58	      449	      541	        0	        0	        1	        2	        319.4303	           330.0	        330.0000	          330.00	   2	
n40w200.002.txt     	   42	 1261	    0	    2	  341	  503	  2561	  1261	     0	    0.00	    0.04	    0.00	    0.00	    0.00	    0.00	    0.00	    0.00	        0	      194	      194	        0	        0	        0	        0	          0.0000	             0.0	        303.0000	          303.00	   2	
n40w200.003.txt     	   42	 1229	    0	    2	  359	  535	  2996	  1229	     0	    0.05	   24.66	    0.00	    6.07	    0.00	    0.00	    0.00	    3.11	    10932	      425	     4311	        0	        0	        0	       32	        291.7000	           339.0	        339.0000	          339.00	   2	
n40w200.004.txt     	   42	 1181	    0	    2	  410	  583	  2476	  1181	     0	    0.07	    0.64	    0.00	    0.10	    0.00	    0.00	    0.00	    0.22	      155	      465	      864	        0	        0	        0	       30	        278.2500	           301.0	        301.0000	          301.00	   2	
n40w200.005.txt     	   42	 1322	    0	    2	  301	  442	  2809	  1322	     0	    0.17	    0.41	    0.01	    0.05	    0.00	    0.00	    0.00	    0.02	       44	      285	      359	        0	        0	        0	        4	        287.3991	           296.0	        296.0000	          296.00	   2	
n60w120.001.txt     	   62	 1664	    0	    2	 1318	 2180	  3015	  1664	     0	    0.00	    0.04	    0.00	    0.00	    0.00	    0.00	    0.01	    0.01	        0	      730	      730	        0	        0	        1	        1	          0.0000	             0.0	        384.0000	          384.00	   2	
n60w120.002.txt     	   62	 1522	    6	    3	 1359	 2322	  2879	  1522	     0	    0.00	    0.05	    0.00	    0.00	    0.00	    0.00	    0.02	    0.02	        0	     1140	     1140	        0	        0	        7	        7	          0.0000	             0.0	        427.0000	          427.00	   2	
n60w120.003.txt     	   62	 1708	    0	    2	 1302	 2136	  3394	  1708	     0	    0.00	    0.05	    0.00	    0.00	    0.00	    0.00	    0.00	    0.00	        0	     1175	     1175	        0	        0	        0	        0	          0.0000	             0.0	        407.0000	          407.00	   2	
n60w120.004.txt     	   62	 1639	    0	    2	 1321	 2205	  3426	  1639	     0	    0.05	    0.09	    0.00	    0.01	    0.00	    0.00	    0.01	    0.02	       10	     1110	     1182	        0	        0	        0	        5	        474.0000	           490.0	        490.0000	          490.00	   2	
n60w120.005.txt     	   62	 1619	    0	    2	 1329	 2225	  3273	  1619	     0	    0.00	    0.05	    0.00	    0.00	    0.00	    0.00	    0.00	    0.00	        0	      871	      871	        0	        0	        0	        0	          0.0000	             0.0	        547.0000	          547.00	   2	
n60w140.001.txt     	   62	 1798	    0	    2	 1239	 2046	  4269	  1798	     0	    0.00	    0.09	    0.01	    0.01	    0.00	    0.00	    0.01	    0.01	        0	     1392	     1392	        0	        0	        0	        0	          0.0000	             0.0	        423.0000	          423.00	   2	
n60w140.002.txt     	   62	 1729	    5	    3	 1270	 2115	  3747	  1729	     0	    0.00	    0.07	    0.01	    0.01	    0.00	    0.00	    0.01	    0.01	        0	      939	      939	        0	        0	        0	        0	          0.0000	             0.0	        462.0000	          462.00	   2	
n60w140.003.txt     	   62	 1766	    0	    2	 1248	 2078	  3307	  1766	     0	    0.00	    0.17	    0.02	    0.02	    0.00	    0.00	    0.01	    0.01	        0	     1545	     1545	        0	        0	        3	        3	          0.0000	             0.0	        427.0000	          427.00	   2	
n60w140.004.txt     	   62	 1736	   13	    3	 1241	 2108	  4308	  1736	     0	    0.14	   23.55	    0.01	    4.14	    0.00	    0.00	    0.03	    4.34	     6941	     1247	    10100	        0	        0	        4	      150	        453.5185	           488.0	        488.0000	          488.00	   2	
n60w140.005.txt     	   62	 1814	    0	    2	 1242	 2030	  4147	  1814	     0	    0.51	   25.52	    0.03	    8.83	    0.00	    0.00	    0.02	    5.63	     9127	     1845	     3724	        0	        0	        3	      117	        443.7110	           460.0	        460.0000	          460.00	   2	
n60w160.001.txt     	   62	 1903	    0	    2	 1201	 1941	  4685	  1903	     0	    0.26	    3.68	    0.02	    1.29	    0.00	    0.00	    0.01	    0.58	      803	     1502	     3124	        0	        0	        0	       29	        525.5000	           560.0	        560.0000	          560.00	   2	
n60w160.002.txt     	   62	 1964	    0	    2	 1179	 1880	  4758	  1964	     0	    0.00	    0.05	    0.00	    0.00	    0.00	    0.00	    0.00	    0.00	        0	      860	      860	        0	        0	        0	        0	          0.0000	             0.0	        423.0000	          423.00	   2	
n60w160.003.txt     	   62	 2252	    1	    2	 1026	 1592	  6619	  2252	     0	    0.32	    1.00	    0.04	    0.21	    0.00	    0.00	    0.01	    0.21	      170	     1214	     1445	        0	        0	        1	       29	        428.4643	           434.0	        434.0000	          434.00	   2	
n60w160.004.txt     	   62	 1941	    0	    2	 1186	 1903	  4650	  1941	     0	    0.00	    0.12	    0.00	    0.00	    0.00	    0.00	    0.01	    0.01	        0	      874	      874	        0	        0	        0	        0	          0.0000	             0.0	        401.0000	          401.00	   2	
n60w160.005.txt     	   62	 1879	    0	    2	 1190	 1965	  4709	  1879	     0	    0.44	    1.00	    0.04	    0.16	    0.00	    0.00	    0.02	    0.06	       54	     1398	     1589	        0	        0	        1	        3	        490.7701	           502.0	        502.0000	          502.00	   2	
n60w180.001.txt     	   62	 2193	    1	    2	 1062	 1651	  5852	  2193	     0	    0.49	   23.56	    0.05	    8.87	    0.00	    0.00	    0.01	    3.69	     6447	     1412	     3834	        0	        0	        0	       88	        386.6796	           411.0	        411.0000	          411.00	   2	
n60w180.002.txt     	   62	 2331	    0	    2	 1012	 1513	  6927	  2331	     0	    0.00	    0.07	    0.00	    0.00	    0.00	    0.00	    0.01	    0.01	        0	      714	      714	        0	        0	        0	        0	          0.0000	             0.0	        399.0000	          399.00	   2	
n60w180.003.txt     	   62	 2321	    0	    2	 1034	 1523	  6322	  2321	     0	    0.35	    1.95	    0.04	    0.55	    0.00	    0.00	    0.01	    0.17	      230	     1236	     1800	        0	        0	        0	        5	        434.0938	           445.0	        445.0000	          445.00	   2	
n60w180.004.txt     	   62	 2233	    0	    2	 1038	 1611	  6608	  2233	     0	    0.61	    1.29	    0.06	    0.23	    0.00	    0.00	    0.02	    0.05	       65	     1450	     1720	        0	        0	        2	        7	        445.4696	           456.0	        456.0000	          456.00	   2	
n60w180.005.txt     	   62	 2455	    0	    2	  952	 1389	  7390	  2455	     0	    0.31	   67.07	    0.03	   23.27	    0.00	    0.00	    0.02	   14.84	    22024	     1015	     4220	        0	        0	        4	      359	        379.3750	           395.0	        395.0000	          395.00	   2	
n60w200.001.txt     	   62	 2534	    0	    3	  894	 1310	  8391	  2534	     0	    0.42	    2.00	    0.04	    0.49	    0.00	    0.00	    0.01	    0.16	      169	     1016	     1813	        0	        0	        0	       11	        393.9357	           410.0	        410.0000	          410.00	   2	
n60w200.002.txt     	   62	 2374	    0	    2	  983	 1470	  7092	  2374	     0	    0.00	    0.13	    0.01	    0.01	    0.00	    0.00	    0.01	    0.01	        0	     1228	     1228	        0	        0	        0	        0	          0.0000	             0.0	        414.0000	          414.00	   2	
n60w200.003.txt     	   62	 2501	    0	    2	  872	 1343	  7896	  2501	     0	    0.12	    9.54	    0.01	    2.92	    0.00	    0.00	    0.00	    1.11	     1598	     1135	     3686	        0	        0	        0	       21	        390.6250	           455.0	        455.0000	          455.00	   2	
n60w200.004.txt     	   62	 2362	    1	    2	  985	 1482	  7025	  2362	     0	    0.00	    0.48	    0.06	    0.06	    0.00	    0.00	    0.04	    0.04	        0	     1448	     1448	        0	        0	        0	        0	          0.0000	             0.0	        431.0000	          431.00	   2	
n60w200.005.txt     	   62	 2470	    0	    2	  899	 1374	  7594	  2470	     0	    0.25	    2.28	    0.02	    0.88	    0.00	    0.00	    0.02	    0.29	      411	     1178	     1794	        0	        0	        2	       15	        417.2353	           427.0	        427.0000	          427.00	   2	
n80w100.001.txt     	   82	 2191	   49	    8	 2478	 4533	  5918	  2191	     0	    0.00	    0.09	    0.01	    0.01	    0.00	    0.00	    0.01	    0.01	        0	     1764	     1764	        0	        0	        3	        3	          0.0000	             0.0	        565.0000	          565.00	   2	
n80w100.002.txt     	   82	 1720	   38	    4	 2670	 5004	  3513	  1720	     0	    0.00	    0.38	    0.04	    0.04	    0.00	    0.00	    0.03	    0.03	        0	     2641	     2641	        0	        0	        1	        1	          0.0000	             0.0	        567.0000	          567.00	   2	
n80w100.003.txt     	   82	 2339	   20	    4	 2501	 4385	  6041	  2339	     0	    0.72	    1.03	    0.12	    0.18	    0.00	    0.00	    0.06	    0.13	       28	     2034	     2227	        0	        0	       10	       21	        572.4120	           580.0	        580.0000	          580.00	   2	
n80w100.004.txt     	   82	 1606	   91	    7	 2740	 5118	  2744	  1606	     0	    0.25	    0.36	    0.03	    0.05	    0.00	    0.00	    0.04	    0.06	       30	     2339	     2467	        0	        0	        7	       11	        645.3333	           649.0	        649.0000	          649.00	   2	
n80w100.005.txt     	   82	 2152	   33	    6	 2516	 4572	  5386	  2152	     0	    0.07	    0.12	    0.01	    0.01	    0.00	    0.00	    0.01	    0.01	       11	     2525	     2724	        0	        0	        0	        0	        515.5000	           532.0	        532.0000	          532.00	   2	
n80w120.001.txt     	   82	 2779	    1	    2	 2350	 3945	  7034	  2779	     0	    0.30	    0.48	    0.03	    0.06	    0.00	    0.00	    0.03	    0.07	       19	     2668	     2889	        0	        0	        2	        8	        495.1818	           498.0	        498.0000	          498.00	   2	
n80w120.002.txt     	   82	 2506	    2	    3	 2442	 4218	  6287	  2506	     0	    0.00	    0.16	    0.01	    0.01	    0.00	    0.00	    0.03	    0.03	        0	     2080	     2080	        0	        0	        3	        3	          0.0000	             0.0	        577.0000	          577.00	   2	
n80w120.003.txt     	   82	 2553	    0	    2	 2423	 4171	  5886	  2553	     0	    0.00	    0.08	    0.01	    0.01	    0.00	    0.00	    0.02	    0.02	        0	     1315	     1315	        0	        0	        3	        3	          0.0000	             0.0	        540.0000	          540.00	   2	
n80w120.004.txt     	   82	 2986	    0	    2	 2277	 3738	  7918	  2986	     0	    0.37	    1.85	    0.04	    0.68	    0.00	    0.00	    0.04	    0.38	      335	     2188	     2562	        0	        0	        5	       16	        484.2639	           501.0	        501.0000	          501.00	   2	
n80w120.005.txt     	   82	 2662	    0	    2	 2398	 4062	  6521	  2662	     0	    0.57	  215.01	    0.05	   71.06	    0.00	    0.00	    0.04	   44.98	    46086	     2898	    11119	        0	        0	        5	      268	        574.1833	           591.0	        591.0000	          591.00	   2	
n80w140.001.txt     	   82	 2984	    0	    2	 2257	 3740	  8327	  2984	     0	    0.00	    0.09	    0.01	    0.01	    0.00	    0.00	    0.01	    0.01	        0	     1523	     1523	        0	        0	        0	        0	          0.0000	             0.0	        512.0000	          512.00	   2	
n80w140.002.txt     	   82	 2993	    0	    2	 2250	 3731	  8225	  2993	     0	    0.69	   14.64	    0.07	    5.20	    0.00	    0.00	    0.03	    3.42	     3362	     3261	     5926	        0	        0	        3	      103	        457.1562	           470.0	        470.0000	          470.00	   2	
n80w140.003.txt     	   82	 2947	    0	    2	 2279	 3777	  8122	  2947	     0	    0.44	   12.53	    0.07	    3.90	    0.00	    0.00	    0.03	    3.53	     3309	     2154	     4621	        0	        0	        3	      104	        561.7763	           580.0	        580.0000	          580.00	   2	
n80w140.004.txt     	   82	 2875	    2	    3	 2250	 3849	  6862	  2875	     0	    0.35	    1.32	    0.03	    0.32	    0.00	    0.00	    0.03	    0.33	      172	     1996	     2274	        0	        0	        1	       27	        415.1573	           423.0	        423.0000	          423.00	   2	
n80w140.005.txt     	   82	 2951	    2	    2	 2257	 3773	  8279	  2951	     0	    0.00	    0.14	    0.01	    0.01	    0.00	    0.00	    0.01	    0.01	        0	     1764	     1764	        0	        0	        0	        0	          0.0000	             0.0	        545.0000	          545.00	   2	
n80w160.001.txt     	   82	 3391	    1	    3	 2072	 3333	 11605	  3391	     0	    0.54	    3.19	    0.04	    0.82	    0.00	    0.00	    0.05	    0.66	      392	     2515	     4763	        0	        0	        4	       50	        497.6667	           506.0	        506.0000	          506.00	   2	
n80w160.002.txt     	   82	 3464	    0	    2	 2012	 3260	 10334	  3464	     0	    0.69	    5.25	    0.07	    2.01	    0.00	    0.00	    0.02	    0.48	      451	     2980	     4260	        0	        0	        0	       11	        515.4336	           549.0	        549.0000	          549.00	   2	
n80w160.003.txt     	   82	 3526	    1	    2	 2006	 3198	 12960	  3526	     0	    0.67	    0.72	    0.07	    0.07	    0.00	    0.00	    0.05	    0.06	        7	     2600	     2651	        0	        0	        6	        8	        519.4286	           521.0	        521.0000	          521.00	   2	
n80w160.004.txt     	   82	 3247	    2	    2	 2099	 3477	  9643	  3247	     0	    0.53	    7.22	    0.06	    2.35	    0.00	    0.00	    0.02	    0.95	      829	     2449	     5086	        0	        0	        0	       27	        488.7556	           509.0	        509.0000	          509.00	   2	
n80w160.005.txt     	   82	 3369	    0	    2	 2101	 3355	 10168	  3369	     0	    0.61	    0.85	    0.05	    0.08	    0.00	    0.00	    0.02	    0.04	       13	     3050	     3334	        0	        0	        0	        2	        436.0571	           439.0	        439.0000	          439.00	   2	
n80w180.001.txt     	   82	 3614	    0	    2	 1921	 3110	 12748	  3614	     0	    0.71	   38.80	    0.07	   14.55	    0.00	    0.00	    0.02	    4.53	     4627	     2732	     8110	        0	        0	        0	       24	        529.3553	           551.0	        551.0000	          551.00	   2	
n80w180.002.txt     	   82	 3682	    0	    2	 1943	 3042	 13703	  3682	     0	    0.69	    2.82	    0.05	    0.79	    0.00	    0.00	    0.02	    0.16	      131	     2690	     3355	        0	        0	        0	        3	        467.0162	           479.0	        479.0000	          479.00	   2	
n80w180.003.txt     	   82	 3852	    2	    2	 1832	 2872	 14910	  3852	     0	    0.99	   12.15	    0.13	    4.83	    0.00	    0.00	    0.02	    1.50	     1345	     2256	     4369	        0	        0	        0	       12	        511.8830	           524.0	        524.0000	          524.00	   2	
n80w180.004.txt     	   82	 3610	    0	    2	 1978	 3114	 10553	  3610	     0	    0.00	    0.23	    0.03	    0.03	    0.00	    0.00	    0.02	    0.02	        0	     1901	     1901	        0	        0	        2	        2	          0.0000	             0.0	        479.0000	          479.00	   2	
n80w180.005.txt     	   82	 3355	    0	    3	 2045	 3369	  8708	  3355	     0	    0.37	    1.64	    0.02	    0.39	    0.00	    0.00	    0.02	    0.13	       82	     2442	     3660	        0	        0	        0	        3	        459.5909	           470.0	        470.0000	          470.00	   2	
n80w200.001.txt     	   82	 4339	    0	    3	 1577	 2385	 17140	  4339	     0	    1.01	   68.97	    0.08	   25.50	    0.00	    0.00	    0.02	   10.14	     8639	     2397	     6933	        0	        0	        0	      238	        466.5104	           490.0	        490.0000	          490.00	   2	
n80w200.002.txt     	   82	 3827	    0	    2	 1831	 2897	 13617	  3827	     0	    0.43	    6.51	    0.04	    2.27	    0.00	    0.00	    0.02	    0.82	      590	     2075	     3688	        0	        0	        1	       28	        459.5000	           488.0	        488.0000	          488.00	   2	
n80w200.003.txt     	   82	 4242	    3	    2	 1652	 2482	 18209	  4242	     0	    1.20	   33.82	    0.09	   13.93	    0.00	    0.00	    0.01	    4.18	     3283	     2010	     5185	        0	        0	        0	       77	        441.8661	           464.0	        464.0000	          464.00	   2	
n80w200.004.txt     	   82	 3898	    0	    2	 1796	 2826	 15534	  3898	     0	    0.87	    4.48	    0.09	    1.24	    0.00	    0.00	    0.03	    0.27	      205	     2230	     3960	        0	        0	        0	        8	        499.2170	           526.0	        526.0000	          526.00	   2	
n80w200.005.txt     	   82	 4292	    0	    2	 1625	 2432	 17973	  4292	     0	    0.93	    4.58	    0.15	    1.64	    0.00	    0.00	    0.02	    0.35	      241	     1983	     2691	        0	        0	        0	       10	        427.8780	           439.0	        439.0000	          439.00	   2	
