n100w100.001.txt    	  102	 2892	   22	    2	 4090	 7512	  6945	  2892	     0	    0.43	    1.26	    0.03	    0.26	    0.00	    0.00	    0.10	    0.40	      168	     4676	     5141	        0	        0	       11	       28	        635.5000	    1000000000.0	        643.0000	          643.00	   2	
n100w100.002.txt    	  102	 2766	   44	    2	 4175	 7638	  5991	  2766	     0	    0.00	    0.18	    0.03	    0.03	    0.00	    0.00	    0.01	    0.01	        0	     3932	     3932	        0	        0	        0	        0	          0.0000	             0.0	        619.0000	          619.00	   2	
n100w100.003.txt    	  102	 2811	   20	    2	 4146	 7593	  6046	  2811	     0	    0.21	    0.29	    0.02	    0.03	    0.00	    0.00	    0.02	    0.04	        6	     2669	     2695	        0	        0	        2	        3	        672.9167	           686.0	        685.0000	          685.00	   2	
n100w100.004.txt    	  102	 2880	    5	    2	 4111	 7524	  6789	  2880	     0	    0.70	  467.37	    0.05	  127.55	    0.00	    0.01	    0.07	  117.98	   114301	     5125	    14923	        0	        0	       12	     1418	        667.1667	    1000000000.0	        684.0000	          684.00	   2	
n100w100.005.txt    	  102	 3094	   14	    2	 4025	 7310	  7109	  3094	     0	    0.28	    0.84	    0.03	    0.19	    0.00	    0.00	    0.03	    0.21	       70	     3491	     4034	        0	        0	        3	       21	        569.5000	           624.0	        572.0000	          572.00	   2	
n100w120.001.txt    	  102	 3277	    0	    2	 4026	 7127	  7339	  3277	     0	    0.39	    1.20	    0.04	    0.29	    0.00	    0.00	    0.06	    0.31	       87	     6639	     7471	        0	        0	        7	       19	        627.0000	    1000000000.0	        629.0000	          629.00	   2	
n100w120.002.txt    	  102	 3374	    0	    2	 3987	 7030	  7716	  3374	     0	    0.63	   12.82	    0.06	    5.02	    0.00	    0.00	    0.01	    3.01	     1791	     4546	    10281	        0	        0	        0	       70	        530.2867	    1000000000.0	        540.0000	          540.00	   2	
n100w120.003.txt    	  102	 3815	    0	    2	 3821	 6589	 11367	  3815	     0	    0.00	    0.37	    0.03	    0.03	    0.00	    0.00	    0.01	    0.01	        0	     4451	     4451	        0	        0	        0	        0	          0.0000	             0.0	        617.0000	          617.00	   2	
n100w120.004.txt    	  102	 3124	    0	    2	 4107	 7280	  6775	  3124	     0	    0.23	    0.56	    0.02	    0.10	    0.00	    0.00	    0.03	    0.10	       34	     2465	     3020	        0	        0	        2	        8	        653.5000	           673.0	        663.0000	          663.00	   2	
n100w120.005.txt    	  102	 3846	    0	    2	 3857	 6558	  9554	  3846	     0	    0.43	    0.56	    0.04	    0.06	    0.00	    0.00	    0.02	    0.06	       10	     4243	     4326	        0	        0	        0	        0	        533.8333	           563.0	        537.0000	          537.00	   2	
n100w140.001.txt    	  102	 4045	    0	    2	 3669	 6359	 12214	  4045	     0	    0.34	    0.35	    0.03	    0.03	    0.00	    0.00	    0.02	    0.02	        2	     3782	     3782	        0	        0	        1	        1	        603.5000	           605.0	        604.0000	          604.00	   2	
n100w140.002.txt    	  102	 3827	    0	    2	 3827	 6577	 10429	  3827	     0	    0.52	    0.75	    0.05	    0.10	    0.00	    0.00	    0.09	    0.15	       21	     6481	     6901	        0	        0	       16	       20	        610.5000	    1000000000.0	        615.0000	          615.00	   2	
n100w140.003.txt    	  102	 3864	    0	    2	 3809	 6540	  9651	  3864	     0	    0.79	    1.71	    0.08	    0.39	    0.00	    0.00	    0.04	    0.16	       83	     5515	     6273	        0	        0	        4	        6	        475.0139	    1000000000.0	        481.0000	          481.00	   2	
n100w140.004.txt    	  102	 3787	    0	    2	 3829	 6617	 10495	  3787	     0	    0.00	    0.20	    0.02	    0.02	    0.00	    0.00	    0.02	    0.02	        0	     4234	     4234	        0	        0	        0	        0	          0.0000	             0.0	        533.0000	          533.00	   2	
n100w140.005.txt    	  102	 4028	    0	    2	 3768	 6376	  9190	  4028	     0	    0.00	    0.38	    0.04	    0.04	    0.00	    0.00	    0.03	    0.03	        0	     3448	     3448	        0	        0	        1	        1	          0.0000	             0.0	        509.0000	          509.00	   2	
n100w160.001.txt    	  102	 4391	    0	    2	 3573	 6013	 13608	  4391	     0	    0.73	   16.58	    0.04	    4.34	    0.00	    0.00	    0.01	    2.21	      762	     4918	    20021	        0	        0	        0	       76	        565.5000	    1000000000.0	        582.0000	          582.00	   2	
n100w160.002.txt    	  102	 4375	    0	    2	 3546	 6029	 14726	  4375	     0	    1.12	    7.59	    0.06	    2.16	    0.00	    0.00	    0.01	    1.37	      641	     6189	     8581	        0	        0	        0	       30	        520.2273	    1000000000.0	        532.0000	          532.00	   2	
n100w160.003.txt    	  102	 4103	    0	    2	 3676	 6301	 10562	  4103	     0	    0.44	    0.47	    0.04	    0.04	    0.00	    0.00	    0.02	    0.02	        4	     4073	     4073	        0	        0	        0	        0	        494.5000	           500.0	        495.0000	          495.00	   2	
n100w160.004.txt    	  102	 4308	    4	    2	 3582	 6096	 13830	  4308	     0	    1.03	   32.03	    0.08	    7.82	    0.00	    0.00	    0.01	    3.55	     1536	     6826	    29279	        0	        0	        0	       60	        572.3333	    1000000000.0	        580.0000	          580.00	   2	
n100w160.005.txt    	  102	 4075	    0	    2	 3703	 6329	 10968	  4075	     0	    0.67	    4.10	    0.05	    1.32	    0.00	    0.00	    0.02	    0.81	      344	     4637	     7561	        0	        0	        5	       27	        574.6333	           629.0	        586.0000	          586.00	   2	
n100w80.001.txt     	  102	 2219	   39	    2	 4342	 8185	  4485	  2219	     0	    0.38	    1.11	    0.03	    0.15	    0.00	    0.00	    0.12	    0.48	      117	     5242	     6162	        0	        0	       21	       65	        667.0000	    1000000000.0	        670.0000	          670.00	   2	
n100w80.002.txt     	  102	 1926	   65	    2	 4455	 8478	  3465	  1926	     0	    0.31	    2.69	    0.03	    0.56	    0.00	    0.00	    0.09	    1.10	      430	     4934	     9410	        0	        0	       21	      112	        667.0000	    1000000000.0	        670.0000	          670.00	   2	
n100w80.003.txt     	  102	 2103	   45	    2	 4389	 8301	  3691	  2103	     0	    0.00	    0.08	    0.01	    0.01	    0.00	    0.00	    0.01	    0.01	        0	     2364	     2364	        0	        0	        0	        0	          0.0000	             0.0	        691.0000	          691.00	   2	
n100w80.004.txt     	  102	 2275	   15	    2	 4325	 8129	  4861	  2275	     0	    0.29	    0.92	    0.02	    0.12	    0.00	    0.00	    0.06	    0.29	       63	     3700	     4867	        0	        0	        7	       35	        697.1333	    1000000000.0	        700.0000	          700.00	   2	
n100w80.005.txt     	  102	 2531	   26	    2	 4228	 7873	  5383	  2531	     0	    0.00	    0.18	    0.02	    0.02	    0.00	    0.00	    0.02	    0.02	        1	     2763	     2763	        0	        0	        0	        0	          0.0000	             0.0	        603.0000	          603.00	   2	
n20w120.001.txt     	   22	  244	    0	    2	  145	  240	   174	   244	     0	    0.00	    0.00	    0.00	    0.00	    0.00	    0.00	    0.00	    0.00	        0	       45	       45	        0	        0	        0	        0	          0.0000	             0.0	        267.0000	          267.00	   2	
n20w120.002.txt     	   22	  300	    1	    2	  119	  184	   408	   300	     0	    0.10	    0.14	    0.00	    0.01	    0.00	    0.00	    0.01	    0.01	       39	      241	      309	        0	        0	        2	        2	        209.2398	    1000000000.0	        218.0000	          218.00	   2	
n20w120.003.txt     	   22	  254	    0	    2	  138	  230	   305	   254	     0	    0.10	    0.10	    0.00	    0.00	    0.00	    0.00	    0.01	    0.01	        7	      178	      183	        0	        0	        2	        2	        299.6667	           303.0	        303.0000	          303.00	   2	
n20w120.004.txt     	   22	  248	    0	    2	  146	  236	   303	   248	     0	    0.00	    0.03	    0.00	    0.00	    0.00	    0.00	    0.00	    0.00	        0	      195	      195	        0	        0	        2	        2	          0.0000	             0.0	        300.0000	          300.00	   2	
n20w120.005.txt     	   22	  266	    0	    2	  139	  218	   284	   266	     0	    0.00	    0.00	    0.00	    0.00	    0.00	    0.00	    0.00	    0.00	        0	       81	       81	        0	        0	        0	        0	          0.0000	             0.0	        240.0000	          240.00	   2	
n20w140.001.txt     	   22	  323	    0	    2	  116	  161	   370	   323	     0	    0.00	    0.00	    0.00	    0.00	    0.00	    0.00	    0.00	    0.00	        0	       60	       60	        0	        0	        0	        0	          0.0000	             0.0	        176.0000	          176.00	   2	
n20w140.002.txt     	   22	  279	    1	    2	  130	  205	   357	   279	     0	    0.14	    0.55	    0.00	    0.04	    0.00	    0.00	    0.03	    0.21	      448	      255	      613	        0	        0	       13	       80	        258.7349	    1000000000.0	        272.0000	          272.00	   2	
n20w140.003.txt     	   22	  296	    0	    2	  126	  188	   350	   296	     0	    0.00	    0.05	    0.00	    0.00	    0.00	    0.00	    0.01	    0.01	        0	      123	      123	        0	        0	        8	        8	          0.0000	             0.0	        236.0000	          236.00	   2	
n20w140.004.txt     	   22	  306	    0	    2	  113	  178	   341	   306	     0	    0.07	    0.10	    0.00	    0.01	    0.00	    0.00	    0.01	    0.02	       38	      121	      188	        0	        0	        6	       14	        252.6667	           275.0	        255.0000	          255.00	   2	
n20w140.005.txt     	   22	  285	    0	    2	  129	  199	   340	   285	     0	    0.00	    0.01	    0.00	    0.00	    0.00	    0.00	    0.00	    0.00	        0	      134	      134	        0	        0	        1	        1	          0.0000	             0.0	        225.0000	          225.00	   2	
n20w160.001.txt     	   22	  299	    0	    2	  120	  185	   310	   299	     0	    0.03	    0.09	    0.00	    0.00	    0.00	    0.00	    0.01	    0.06	       33	      136	      245	        0	        0	        5	       23	        232.6667	           328.0	        241.0000	          241.00	   2	
n20w160.002.txt     	   22	  314	    2	    2	  115	  170	   389	   314	     0	    0.00	    0.00	    0.00	    0.00	    0.00	    0.00	    0.00	    0.00	        0	       68	       68	        0	        0	        0	        0	          0.0000	             0.0	        201.0000	          201.00	   2	
n20w160.003.txt     	   22	  281	    0	    2	  129	  203	   264	   281	     0	    0.00	    0.00	    0.00	    0.00	    0.00	    0.00	    0.00	    0.00	        0	       39	       39	        0	        0	        0	        0	          0.0000	             0.0	        201.0000	          201.00	   2	
n20w160.004.txt     	   22	  337	    0	    2	   96	  147	   341	   337	     0	    0.00	    0.03	    0.00	    0.00	    0.00	    0.00	    0.00	    0.00	        0	       88	       88	        0	        0	        0	        0	          0.0000	             0.0	        203.0000	          203.00	   2	
n20w160.005.txt     	   22	  303	    0	    2	  117	  181	   434	   303	     0	    0.01	    0.03	    0.00	    0.00	    0.00	    0.00	    0.00	    0.00	       15	      129	      167	        0	        0	        0	        0	        226.0000	           264.0	        245.0000	          245.00	   2	
n20w180.001.txt     	   22	  301	    0	    2	  119	  183	   359	   301	     0	    0.00	    0.01	    0.00	    0.00	    0.00	    0.00	    0.00	    0.00	        0	       78	       78	        0	        0	        0	        0	          0.0000	             0.0	        253.0000	          253.00	   2	
n20w180.002.txt     	   22	  308	    0	    2	  111	  176	   415	   308	     0	    0.00	    0.03	    0.00	    0.00	    0.00	    0.00	    0.00	    0.00	        0	      125	      125	        0	        0	        1	        1	          0.0000	             0.0	        265.0000	          265.00	   2	
n20w180.003.txt     	   22	  337	    0	    2	  100	  147	   431	   337	     0	    0.10	    0.53	    0.01	    0.02	    0.00	    0.00	    0.00	    0.22	      182	      179	      606	        0	        0	        2	      100	        251.2812	    1000000000.0	        271.0000	          271.00	   2	
n20w180.004.txt     	   22	  339	    0	    2	   99	  145	   480	   339	     0	    0.00	    0.01	    0.00	    0.00	    0.00	    0.00	    0.00	    0.00	        0	       69	       69	        0	        0	        2	        2	          0.0000	             0.0	        201.0000	          201.00	   2	
n20w180.005.txt     	   22	  358	    0	    2	   83	  126	   396	   358	     0	    0.02	    0.05	    0.00	    0.00	    0.00	    0.00	    0.00	    0.01	       13	       97	      149	        0	        0	        0	       10	        187.2222	           231.0	        193.0000	          193.00	   2	
n20w200.001.txt     	   22	  350	    0	    2	   88	  134	   433	   350	     0	    0.09	    0.09	    0.01	    0.01	    0.00	    0.00	    0.00	    0.01	       15	       95	       95	        0	        0	        2	        3	        229.7692	           233.0	        233.0000	          233.00	   2	
n20w200.002.txt     	   22	  373	    0	    2	   73	  111	   452	   373	     0	    0.04	    0.05	    0.00	    0.00	    0.00	    0.00	    0.01	    0.01	       11	       88	      106	        0	        0	        4	        7	        201.3333	           210.0	        203.0000	          203.00	   2	
n20w200.003.txt     	   22	  339	    0	    2	   93	  145	   418	   339	     0	    0.04	    0.05	    0.00	    0.00	    0.00	    0.00	    0.01	    0.01	        7	      164	      187	        0	        0	        2	        2	        235.0000	    1000000000.0	        249.0000	          249.00	   2	
n20w200.004.txt     	   22	  337	    0	    2	   96	  147	   440	   337	     0	    0.10	    0.35	    0.00	    0.03	    0.00	    0.00	    0.00	    0.07	      249	      169	      414	        0	        0	        1	       32	        278.6818	    1000000000.0	        293.0000	          293.00	   2	
n20w200.005.txt     	   22	  363	    0	    2	   79	  121	   401	   363	     0	    0.00	    0.01	    0.00	    0.00	    0.00	    0.00	    0.00	    0.00	        0	       68	       68	        0	        0	        0	        0	          0.0000	             0.0	        227.0000	          227.00	   2	
n40w120.001.txt     	   42	  743	    1	    2	  604	 1021	   959	   743	     0	    0.00	    0.02	    0.00	    0.00	    0.00	    0.00	    0.00	    0.00	        0	      407	      407	        0	        0	        0	        0	          0.0000	             0.0	        434.0000	          434.00	   2	
n40w120.002.txt     	   42	  806	    0	    2	  574	  958	  1367	   806	     0	    0.13	    0.13	    0.00	    0.00	    0.00	    0.00	    0.03	    0.03	        4	     1136	     1146	        0	        0	       10	       10	        440.0000	    1000000000.0	        445.0000	          445.00	   2	
n40w120.003.txt     	   42	  852	    0	    2	  566	  912	  1167	   852	     0	    0.09	    0.10	    0.00	    0.01	    0.00	    0.00	    0.02	    0.02	        6	      478	      478	        0	        0	        6	        7	        354.0000	           361.0	        357.0000	          357.00	   2	
n40w120.004.txt     	   42	  893	    0	    2	  549	  871	  1566	   893	     0	    0.24	    0.80	    0.01	    0.13	    0.00	    0.00	    0.04	    0.13	      201	     1116	     1873	        0	        0	       14	       29	        294.0000	    1000000000.0	        303.0000	          303.00	   2	
n40w120.005.txt     	   42	  804	    4	    2	  582	  960	  1243	   804	     0	    0.00	    0.02	    0.00	    0.00	    0.00	    0.00	    0.00	    0.00	        0	      256	      256	        0	        0	        0	        0	          0.0000	             0.0	        350.0000	          350.00	   2	
n40w140.001.txt     	   42	  858	    0	    2	  561	  906	  1264	   858	     0	    0.12	    0.47	    0.01	    0.07	    0.00	    0.00	    0.02	    0.12	      119	      735	      949	        0	        0	       17	       43	        333.0000	    1000000000.0	        342.0000	          342.00	   2	
n40w140.002.txt     	   42	  895	    0	    2	  548	  869	  1354	   895	     0	    0.24	    0.69	    0.01	    0.11	    0.00	    0.00	    0.00	    0.05	       75	     1075	     1972	        0	        0	        0	       12	        375.7500	    1000000000.0	        383.0000	          383.00	   2	
n40w140.003.txt     	   42	  825	    0	    2	  571	  939	  1373	   825	     0	    0.22	    0.22	    0.00	    0.00	    0.00	    0.00	    0.05	    0.05	        7	     1330	     1330	        0	        0	       19	       19	        395.5455	    1000000000.0	        398.0000	          398.00	   2	
n40w140.004.txt     	   42	  963	    0	    2	  516	  801	  1725	   963	     0	    0.04	    0.04	    0.00	    0.00	    0.00	    0.00	    0.00	    0.00	        2	      560	      560	        0	        0	        0	        0	        342.0000	           344.0	        342.0000	          342.00	   2	
n40w140.005.txt     	   42	 1025	    0	    2	  484	  739	  2139	  1025	     0	    0.15	    1.42	    0.00	    0.15	    0.00	    0.00	    0.00	    0.41	      169	      947	     2649	        0	        0	        0	       96	        357.2432	    1000000000.0	        371.0000	          371.00	   2	
n40w160.001.txt     	   42	 1007	    0	    2	  489	  757	  1922	  1007	     0	    0.06	    0.12	    0.00	    0.01	    0.00	    0.00	    0.00	    0.01	       14	      840	      956	        0	        0	        0	        0	        335.1667	    1000000000.0	        348.0000	          348.00	   2	
n40w160.002.txt     	   42	 1015	    0	    2	  483	  749	  1906	  1015	     0	    0.00	    0.01	    0.00	    0.00	    0.00	    0.00	    0.00	    0.00	        0	      313	      313	        0	        0	        0	        0	          0.0000	             0.0	        337.0000	          337.00	   2	
n40w160.003.txt     	   42	 1021	    0	    2	  459	  743	  1993	  1021	     0	    0.00	    0.12	    0.01	    0.01	    0.00	    0.00	    0.01	    0.01	        0	      658	      658	        0	        0	        1	        1	          0.0000	             0.0	        346.0000	          346.00	   2	
n40w160.004.txt     	   42	 1174	    0	    2	  410	  590	  2339	  1174	     0	    0.10	    0.17	    0.00	    0.02	    0.00	    0.00	    0.01	    0.03	       20	      426	      636	        0	        0	        2	        9	        286.3155	           295.0	        288.0000	          288.00	   2	
n40w160.005.txt     	   42	 1116	    0	    2	  441	  648	  2347	  1116	     0	    0.15	    0.37	    0.01	    0.06	    0.00	    0.00	    0.00	    0.03	       44	      643	      812	        0	        0	        0	        7	        303.7500	    1000000000.0	        315.0000	          315.00	   2	
n40w180.001.txt     	   42	 1097	    0	    2	  440	  667	  2621	  1097	     0	    0.33	    2.64	    0.01	    0.32	    0.00	    0.00	    0.05	    0.45	      460	     1118	     2802	        0	        0	       20	      114	        328.2308	    1000000000.0	        337.0000	          337.00	   2	
n40w180.002.txt     	   42	 1144	    0	    2	  409	  620	  2358	  1144	     0	    0.26	    1.34	    0.01	    0.15	    0.00	    0.00	    0.02	    0.14	      161	      875	     2286	        0	        0	        3	       25	        338.7778	    1000000000.0	        347.0000	          347.00	   2	
n40w180.003.txt     	   42	 1089	    1	    2	  443	  675	  2090	  1089	     0	    0.06	    0.06	    0.01	    0.01	    0.00	    0.00	    0.00	    0.00	        2	      346	      346	        0	        0	        0	        0	        278.5000	           298.0	        279.0000	          279.00	   2	
n40w180.004.txt     	   42	 1072	    0	    2	  452	  692	  2246	  1072	     0	    0.18	    1.52	    0.00	    0.34	    0.00	    0.00	    0.01	    0.17	      407	      664	     1880	        0	        0	        4	       37	        340.7636	    1000000000.0	        354.0000	          354.00	   2	
n40w180.005.txt     	   42	 1230	    0	    2	  378	  534	  2873	  1230	     0	    0.24	    0.79	    0.01	    0.15	    0.00	    0.00	    0.05	    0.12	      159	      744	      994	        0	        0	        7	        9	        327.0000	    1000000000.0	        335.0000	          335.00	   2	
n40w200.001.txt     	   42	 1271	    1	    2	  342	  493	  3137	  1271	     0	    0.22	    3.74	    0.00	    0.77	    0.00	    0.00	    0.00	    0.41	      727	      627	     2754	        0	        0	        0	       29	        319.9286	    1000000000.0	        330.0000	          330.00	   2	
n40w200.002.txt     	   42	 1261	    0	    2	  341	  503	  2561	  1261	     0	    0.06	    0.08	    0.00	    0.00	    0.00	    0.00	    0.00	    0.01	       18	      209	      276	        0	        0	        0	        0	        299.7500	           306.0	        303.0000	          303.00	   2	
n40w200.003.txt     	   42	 1229	    0	    2	  359	  535	  2996	  1229	     0	    0.29	   53.19	    0.00	    7.08	    0.00	    0.00	    0.00	    4.03	    11897	      783	     7445	        0	        0	        0	      101	        319.7933	    1000000000.0	        342.0000	          342.00	   2	
n40w200.004.txt     	   42	 1181	    0	    2	  410	  583	  2476	  1181	     0	    0.21	    2.73	    0.01	    0.40	    0.00	    0.00	    0.01	    0.81	      551	      797	     3013	        0	        0	        2	      116	        283.0000	    1000000000.0	        301.0000	          301.00	   2	
n40w200.005.txt     	   42	 1322	    0	    2	  301	  442	  2809	  1322	     0	    0.24	    0.43	    0.00	    0.02	    0.00	    0.00	    0.01	    0.05	       39	      463	      633	        0	        0	        5	       19	        287.2000	    1000000000.0	        296.0000	          296.00	   2	
n60w120.001.txt     	   62	 1664	    0	    2	 1318	 2180	  3015	  1664	     0	    0.20	    0.19	    0.02	    0.02	    0.00	    0.00	    0.04	    0.04	        3	     1500	     1500	        0	        0	       11	       11	        383.2500	    1000000000.0	        384.0000	          384.00	   2	
n60w120.002.txt     	   62	 1522	    5	    2	 1359	 2322	  2879	  1522	     0	    0.00	    0.05	    0.00	    0.00	    0.00	    0.00	    0.01	    0.01	        0	     1063	     1063	        0	        0	        4	        4	          0.0000	             0.0	        427.0000	          427.00	   2	
n60w120.003.txt     	   62	 1708	    0	    2	 1302	 2136	  3394	  1708	     0	    0.00	    0.07	    0.00	    0.00	    0.00	    0.00	    0.00	    0.00	        0	     1229	     1229	        0	        0	        0	        0	          0.0000	             0.0	        407.0000	          407.00	   2	
n60w120.004.txt     	   62	 1639	    0	    2	 1321	 2205	  3426	  1639	     0	    0.18	    0.20	    0.01	    0.02	    0.00	    0.00	    0.02	    0.02	        5	     1083	     1138	        0	        0	        4	        5	        485.4444	           494.0	        490.0000	          490.00	   2	
n60w120.005.txt     	   62	 1619	    0	    2	 1329	 2225	  3273	  1619	     0	    0.06	    0.07	    0.00	    0.01	    0.00	    0.00	    0.00	    0.01	        3	      915	      915	        0	        0	        0	        0	        546.5000	           550.0	        547.0000	          547.00	   2	
n60w140.001.txt     	   62	 1798	    0	    2	 1239	 2046	  4269	  1798	     0	    0.11	    0.19	    0.01	    0.02	    0.00	    0.00	    0.01	    0.02	       21	     2201	     2758	        0	        0	        2	        2	        420.5000	    1000000000.0	        423.0000	          423.00	   2	
n60w140.002.txt     	   62	 1729	    5	    2	 1270	 2115	  3747	  1729	     0	    0.00	    0.10	    0.01	    0.01	    0.00	    0.00	    0.01	    0.01	        0	     1034	     1034	        0	        0	        0	        0	          0.0000	             0.0	        462.0000	          462.00	   2	
n60w140.003.txt     	   62	 1766	    0	    2	 1248	 2078	  3307	  1766	     0	    0.24	    0.25	    0.02	    0.02	    0.00	    0.00	    0.02	    0.02	        4	     1934	     1934	        0	        0	        3	        3	        425.8197	           434.0	        427.0000	          427.00	   2	
n60w140.004.txt     	   62	 1736	   13	    2	 1241	 2108	  4308	  1736	     0	    0.09	  295.98	    0.00	   15.21	    0.00	    0.01	    0.00	   18.02	    19928	     1414	    34266	        0	        0	        0	      959	        447.6667	    1000000000.0	        488.0000	          488.00	   2	
n60w140.005.txt     	   62	 1814	    0	    2	 1242	 2030	  4147	  1814	     0	    0.33	   38.23	    0.02	   12.59	    0.00	    0.00	    0.00	    5.69	     9396	     2229	     6695	        0	        0	        0	      156	        441.9286	    1000000000.0	        460.0000	          460.00	   2	
n60w160.001.txt     	   62	 1903	    0	    2	 1201	 1941	  4685	  1903	     0	    0.28	   10.40	    0.02	    2.75	    0.00	    0.00	    0.01	    1.17	     1597	     2298	     7106	        0	        0	        0	      110	        525.6875	    1000000000.0	        560.0000	          560.00	   2	
n60w160.002.txt     	   62	 1964	    0	    2	 1179	 1880	  4758	  1964	     0	    0.00	    0.11	    0.01	    0.01	    0.00	    0.00	    0.01	    0.01	        0	     1200	     1200	        0	        0	        0	        0	          0.0000	             0.0	        423.0000	          423.00	   2	
n60w160.003.txt     	   62	 2252	    1	    2	 1026	 1592	  6619	  2252	     0	    0.36	    3.28	    0.03	    0.63	    0.00	    0.00	    0.03	    0.68	      459	     1658	     3596	        0	        0	        4	       92	        426.5667	    1000000000.0	        434.0000	          434.00	   2	
n60w160.004.txt     	   62	 1941	    0	    2	 1186	 1903	  4650	  1941	     0	    0.17	    0.17	    0.01	    0.01	    0.00	    0.00	    0.01	    0.01	        1	     1051	     1051	        0	        0	        0	        0	        401.0000	           401.0	        401.0000	          401.00	   2	
n60w160.005.txt     	   62	 1879	    0	    2	 1190	 1965	  4709	  1879	     0	    0.35	    2.54	    0.02	    0.66	    0.00	    0.00	    0.00	    0.28	      255	     1681	     3901	        0	        0	        0	       40	        485.0000	    1000000000.0	        502.0000	          502.00	   2	
n60w180.001.txt     	   62	 2193	    1	    2	 1062	 1651	  5852	  2193	     0	    0.47	  254.48	    0.04	   39.73	    0.00	    0.01	    0.02	   16.90	    25309	     1782	    14402	        0	        0	        4	      324	        383.4118	    1000000000.0	        414.0000	          414.00	   2	
n60w180.002.txt     	   62	 2331	    0	    2	 1012	 1513	  6927	  2331	     0	    0.00	    0.14	    0.01	    0.01	    0.00	    0.00	    0.01	    0.01	        0	      823	      823	        0	        0	        1	        1	          0.0000	             0.0	        399.0000	          399.00	   2	
n60w180.003.txt     	   62	 2321	    0	    2	 1034	 1523	  6322	  2321	     0	    0.48	   12.87	    0.03	    3.57	    0.00	    0.00	    0.06	    1.60	     1397	     2043	     7552	        0	        0	       13	      103	        431.8571	    1000000000.0	        445.0000	          445.00	   2	
n60w180.004.txt     	   62	 2233	    0	    2	 1038	 1611	  6608	  2233	     0	    0.40	    2.23	    0.03	    0.50	    0.00	    0.00	    0.01	    0.15	      188	     2152	     3548	        0	        0	        0	        8	        440.9545	    1000000000.0	        456.0000	          456.00	   2	
n60w180.005.txt     	   62	 2455	    0	    2	  952	 1389	  7390	  2455	     0	    0.40	  103.85	    0.02	   30.26	    0.00	    0.00	    0.06	   16.48	    25786	     1472	     7409	        0	        0	       14	      476	        378.8333	    1000000000.0	        395.0000	          395.00	   2	
n60w200.001.txt     	   62	 2534	    0	    2	  894	 1310	  8391	  2534	     0	    0.33	    3.83	    0.01	    1.14	    0.00	    0.00	    0.01	    0.38	      442	     1212	     2670	        0	        0	        0	       15	        389.8500	    1000000000.0	        410.0000	          410.00	   2	
n60w200.002.txt     	   62	 2374	    0	    2	  983	 1470	  7092	  2374	     0	    0.25	    0.41	    0.02	    0.03	    0.00	    0.00	    0.00	    0.01	        5	     1954	     2015	        0	        0	        0	        0	        411.1250	    1000000000.0	        414.0000	          414.00	   2	
n60w200.003.txt     	   62	 2501	    0	    2	  872	 1343	  7896	  2501	     0	    0.42	   16.62	    0.02	    4.78	    0.00	    0.00	    0.01	    1.49	     2333	     1757	     4713	        0	        0	        0	       24	        413.8000	    1000000000.0	        455.0000	          455.00	   2	
n60w200.004.txt     	   62	 2362	    1	    2	  985	 1482	  7025	  2362	     0	    0.16	    0.22	    0.01	    0.02	    0.00	    0.00	    0.01	    0.01	       13	     1259	     1535	        0	        0	        0	        0	        427.5000	           436.0	        431.0000	          431.00	   2	
n60w200.005.txt     	   62	 2470	    0	    2	  899	 1374	  7594	  2470	     0	    0.33	   37.21	    0.02	    6.20	    0.00	    0.00	    0.02	    2.98	     2305	     1831	    11025	        0	        0	        4	      185	        417.1667	    1000000000.0	        427.0000	          427.00	   2	
n80w100.001.txt     	   82	 2191	   26	    2	 2478	 4533	  5918	  2191	     0	    0.17	    0.18	    0.01	    0.01	    0.00	    0.00	    0.03	    0.03	        3	     1801	     1801	        0	        0	        5	        5	        564.7143	           580.0	        565.0000	          565.00	   2	
n80w100.002.txt     	   82	 1720	   31	    2	 2670	 5004	  3513	  1720	     0	    0.39	    0.55	    0.03	    0.05	    0.00	    0.00	    0.04	    0.06	       15	     3647	     3792	        0	        0	       11	       11	        563.0000	    1000000000.0	        567.0000	          567.00	   2	
n80w100.003.txt     	   82	 2339	   16	    2	 2501	 4385	  6041	  2339	     0	    0.27	    0.71	    0.03	    0.11	    0.00	    0.00	    0.03	    0.13	       49	     2413	     2890	        0	        0	        7	       23	        563.9848	    1000000000.0	        580.0000	          580.00	   2	
n80w100.004.txt     	   82	 1606	   53	    2	 2740	 5118	  2744	  1606	     0	    0.18	    0.63	    0.01	    0.12	    0.00	    0.00	    0.05	    0.24	      130	     3314	     4382	        0	        0	       19	       40	        641.9000	    1000000000.0	        649.0000	          649.00	   2	
n80w100.005.txt     	   82	 2152	   26	    2	 2516	 4572	  5386	  2152	     0	    0.11	    0.13	    0.01	    0.02	    0.00	    0.00	    0.01	    0.02	        3	     2887	     2907	        0	        0	        1	        1	        528.5000	    1000000000.0	        532.0000	          532.00	   2	
n80w120.001.txt     	   82	 2779	    1	    2	 2350	 3945	  7034	  2779	     0	    0.32	    1.40	    0.02	    0.26	    0.00	    0.00	    0.01	    0.26	      135	     3526	     5451	        0	        0	        1	       32	        491.2500	           537.0	        498.0000	          498.00	   2	
n80w120.002.txt     	   82	 2506	    2	    2	 2442	 4218	  6287	  2506	     0	    0.25	    0.84	    0.02	    0.19	    0.00	    0.00	    0.03	    0.16	       81	     3013	     4167	        0	        0	        5	       13	        573.4000	    1000000000.0	        577.0000	          577.00	   2	
n80w120.003.txt     	   82	 2553	    0	    2	 2423	 4171	  5886	  2553	     0	    0.16	    0.17	    0.02	    0.02	    0.00	    0.00	    0.03	    0.03	        1	     1388	     1388	        0	        0	        6	        6	        540.0000	           540.0	        540.0000	          540.00	   2	
n80w120.004.txt     	   82	 2986	    0	    2	 2277	 3738	  7918	  2986	     0	    0.39	    2.56	    0.03	    0.70	    0.00	    0.00	    0.01	    0.45	      293	     3692	     5640	        0	        0	        4	       30	        481.7500	    1000000000.0	        501.0000	          501.00	   2	
n80w120.005.txt     	   82	 2662	    0	    2	 2398	 4062	  6521	  2662	     0	    0.39	  744.36	    0.03	  113.21	    0.00	    0.01	    0.02	   54.60	    62750	     4001	    36554	        0	        0	        1	      582	        571.5588	    1000000000.0	        591.0000	          591.00	   2	
n80w140.001.txt     	   82	 2984	    0	    2	 2257	 3740	  8327	  2984	     0	    0.00	    0.13	    0.02	    0.02	    0.00	    0.00	    0.01	    0.01	        0	     1663	     1663	        0	        0	        0	        0	          0.0000	             0.0	        512.0000	          512.00	   2	
n80w140.002.txt     	   82	 2993	    0	    2	 2250	 3731	  8225	  2993	     0	    0.56	  323.60	    0.05	   63.49	    0.00	    0.00	    0.05	   34.59	    27072	     4296	    25962	        0	        0	       12	      629	        451.6667	    1000000000.0	        470.0000	          470.00	   2	
n80w140.003.txt     	   82	 2947	    0	    2	 2279	 3777	  8122	  2947	     0	    0.47	   32.78	    0.04	    8.14	    0.00	    0.00	    0.05	    6.28	     4303	     2730	    12084	        0	        0	        8	      262	        558.9583	    1000000000.0	        580.0000	          580.00	   2	
n80w140.004.txt     	   82	 2875	    1	    2	 2250	 3849	  6862	  2875	     0	    0.42	    6.56	    0.02	    1.89	    0.00	    0.00	    0.08	    1.83	     1388	     2785	     5927	        0	        0	       10	      103	        414.4167	    1000000000.0	        423.0000	          423.00	   2	
n80w140.005.txt     	   82	 2951	    2	    2	 2257	 3773	  8279	  2951	     0	    0.00	    0.19	    0.02	    0.02	    0.00	    0.00	    0.01	    0.01	        0	     1812	     1812	        0	        0	        0	        0	          0.0000	             0.0	        545.0000	          545.00	   2	
n80w160.001.txt     	   82	 3391	    1	    2	 2072	 3333	 11605	  3391	     0	    0.50	    7.76	    0.03	    1.51	    0.00	    0.00	    0.07	    1.12	      434	     3630	    12510	        0	        0	        7	      103	        496.5000	    1000000000.0	        506.0000	          506.00	   2	
n80w160.002.txt     	   82	 3464	    0	    2	 2012	 3260	 10334	  3464	     0	    0.61	   89.72	    0.03	   14.72	    0.00	    0.00	    0.02	    6.54	     3347	     3558	    31840	        0	        0	        2	      302	        516.2500	    1000000000.0	        549.0000	          549.00	   2	
n80w160.003.txt     	   82	 3526	    1	    2	 2006	 3198	 12960	  3526	     0	    0.50	    5.08	    0.03	    1.25	    0.00	    0.00	    0.02	    0.72	      371	     3373	     7786	        0	        0	        3	       41	        514.7500	    1000000000.0	        521.0000	          521.00	   2	
n80w160.004.txt     	   82	 3247	    2	    2	 2099	 3477	  9643	  3247	     0	    0.75	  150.83	    0.05	   24.08	    0.00	    0.00	    0.01	   11.86	     5982	     3500	    39861	        0	        0	        0	      494	        491.4583	    1000000000.0	        509.0000	          509.00	   2	
n80w160.005.txt     	   82	 3369	    0	    2	 2101	 3355	 10168	  3369	     0	    0.60	    4.80	    0.04	    0.96	    0.00	    0.00	    0.03	    0.70	      382	     4010	     7851	        0	        0	        3	       40	        431.6667	    1000000000.0	        439.0000	          439.00	   2	
n80w180.001.txt     	   82	 3614	    0	    2	 1921	 3110	 12748	  3614	     0	    0.73	 6418.32	    0.06	  344.69	    0.00	    0.02	    0.01	  106.79	    67007	     3786	   139003	        0	        0	        1	     1623	        530.3333	    1000000000.0	        551.0000	          551.00	   2	
n80w180.002.txt     	   82	 3682	    0	    2	 1943	 3042	 13703	  3682	     0	    0.82	    5.38	    0.04	    1.85	    0.00	    0.00	    0.01	    0.47	      349	     3770	     5385	        0	        0	        0	        8	        465.8929	    1000000000.0	        479.0000	          479.00	   2	
n80w180.003.txt     	   82	 3852	    2	    2	 1832	 2872	 14910	  3852	     0	    0.79	  134.20	    0.05	   22.66	    0.00	    0.00	    0.01	    7.31	     5193	     2817	    25998	        0	        0	        0	      109	        507.7885	    1000000000.0	        524.0000	          524.00	   2	
n80w180.004.txt     	   82	 3610	    0	    2	 1978	 3114	 10553	  3610	     0	    0.23	    0.42	    0.02	    0.06	    0.00	    0.00	    0.02	    0.06	       25	     2133	     2166	        0	        0	        1	        3	        475.0000	           495.0	        479.0000	          479.00	   2	
n80w180.005.txt     	   82	 3355	    0	    2	 2045	 3369	  8708	  3355	     0	    0.60	    4.05	    0.06	    1.56	    0.00	    0.00	    0.01	    0.60	      401	     2980	     5247	        0	        0	        1	       17	        461.6333	    1000000000.0	        470.0000	          470.00	   2	
n80w200.001.txt     	   82	 4339	    0	    2	 1577	 2385	 17140	  4339	     0	    1.01	 4896.47	    0.05	  398.17	    0.00	    0.01	    0.03	  142.50	    78459	     3410	    63611	        0	        0	        3	     1910	        466.6429	    1000000000.0	        490.0000	          490.00	   2	
n80w200.002.txt     	   82	 3827	    0	    2	 1831	 2897	 13617	  3827	     0	    0.77	   71.13	    0.04	   15.26	    0.00	    0.00	    0.01	    6.08	     3314	     2875	    20366	        0	        0	        0	      232	        464.5411	    1000000000.0	        488.0000	          488.00	   2	
n80w200.003.txt     	   82	 4242	    3	    2	 1652	 2482	 18209	  4242	     0	    1.09	 1791.59	    0.07	  174.96	    0.00	    0.01	    0.01	   56.59	    27327	     2990	    58861	        0	        0	        0	     1044	        441.4291	    1000000000.0	        464.0000	          464.00	   2	
n80w200.004.txt     	   82	 3898	    0	    2	 1796	 2826	 15534	  3898	     0	    0.98	   95.13	    0.07	   18.54	    0.00	    0.00	    0.01	    5.39	     2689	     3177	    21102	        0	        0	        1	      212	        500.1831	    1000000000.0	        526.0000	          526.00	   2	
n80w200.005.txt     	   82	 4292	    0	    2	 1625	 2432	 17973	  4292	     0	    0.71	   28.52	    0.04	   13.17	    0.00	    0.00	    0.01	    3.07	     2046	     2323	     5578	        0	        0	        0	       66	        425.3556	           482.0	        439.0000	          439.00	   2	
