n100w100.001.txt    	  102	 2892	   22	    2	 4090	 7512	  6945	  2892	     0	    0.24	    1.70	    0.02	    0.45	    0.00	    0.00	    0.07	    0.66	      312	     3054	     3687	        0	        0	        9	       49	        635.0000	           665.0	        643.0000	          643.00	   2	
n100w100.002.txt    	  102	 2766	   44	    2	 4175	 7638	  5991	  2766	     0	    0.00	    0.15	    0.02	    0.02	    0.00	    0.00	    0.01	    0.01	        0	     3710	     3710	        0	        0	        0	        0	          0.0000	             0.0	        619.0000	          619.00	   2	
n100w100.003.txt    	  102	 2811	   20	    2	 4146	 7593	  6046	  2811	     0	    0.00	    0.33	    0.03	    0.03	    0.00	    0.00	    0.04	    0.04	        1	     2649	     2649	        0	        0	        3	        3	          0.0000	             0.0	        685.0000	          685.00	   2	
n100w100.004.txt    	  102	 2880	    5	    2	 4111	 7524	  6789	  2880	     0	    0.47	  350.27	    0.03	   91.81	    0.00	    0.01	    0.06	   79.02	    59833	     4495	    12364	        0	        0	        7	     3150	        665.1667	           710.0	        684.0000	          684.00	   2	
n100w100.005.txt    	  102	 3094	   14	    2	 4025	 7310	  7109	  3094	     0	    0.00	    0.22	    0.02	    0.02	    0.00	    0.00	    0.03	    0.03	        0	     3214	     3214	        0	        0	        3	        3	          0.0000	             0.0	        572.0000	          572.00	   2	
n100w120.001.txt    	  102	 3277	    0	    2	 4026	 7127	  7339	  3277	     0	    0.26	    0.97	    0.03	    0.24	    0.00	    0.00	    0.03	    0.25	       78	     4255	     5801	        0	        0	        1	       20	        627.1176	           640.0	        629.0000	          629.00	   2	
n100w120.002.txt    	  102	 3374	    0	    2	 3987	 7030	  7716	  3374	     0	    0.57	    7.74	    0.07	    3.22	    0.00	    0.00	    0.04	    2.01	     1217	     4168	     5928	        0	        0	        1	       45	        529.0571	           564.0	        540.0000	          540.00	   2	
n100w120.003.txt    	  102	 3815	    0	    2	 3821	 6589	 11367	  3815	     0	    0.00	    0.22	    0.02	    0.02	    0.00	    0.00	    0.01	    0.01	        0	     3810	     3810	        0	        0	        0	        0	          0.0000	             0.0	        617.0000	          617.00	   2	
n100w120.004.txt    	  102	 3124	    0	    2	 4107	 7280	  6775	  3124	     0	    0.39	    0.60	    0.04	    0.08	    0.00	    0.00	    0.03	    0.07	       16	     2716	     2949	        0	        0	        0	        5	        656.4706	           663.0	        663.0000	          663.00	   2	
n100w120.005.txt    	  102	 3846	    0	    2	 3857	 6558	  9554	  3846	     0	    0.42	    0.47	    0.04	    0.05	    0.00	    0.00	    0.03	    0.04	        6	     3979	     4022	        0	        0	        2	        2	        531.8333	           557.0	        537.0000	          537.00	   2	
n100w140.001.txt    	  102	 4045	    0	    2	 3669	 6359	 12214	  4045	     0	    0.18	    0.28	    0.01	    0.04	    0.00	    0.00	    0.01	    0.03	       10	     2973	     3485	        0	        0	        0	        1	        595.0000	           607.0	        604.0000	          604.00	   2	
n100w140.002.txt    	  102	 3827	    0	    2	 3827	 6577	 10429	  3827	     0	    0.25	    0.47	    0.02	    0.07	    0.00	    0.00	    0.03	    0.10	       22	     3610	     4639	        0	        0	        0	        7	        611.0000	           616.0	        615.0000	          615.00	   2	
n100w140.003.txt    	  102	 3864	    0	    2	 3809	 6540	  9651	  3864	     0	    0.50	    1.21	    0.08	    0.38	    0.00	    0.00	    0.03	    0.13	       78	     3923	     4746	        0	        0	        2	        3	        472.6316	           481.0	        481.0000	          481.00	   2	
n100w140.004.txt    	  102	 3787	    0	    2	 3829	 6617	 10495	  3787	     0	    0.00	    0.16	    0.01	    0.01	    0.00	    0.00	    0.02	    0.02	        0	     3626	     3626	        0	        0	        0	        0	          0.0000	             0.0	        533.0000	          533.00	   2	
n100w140.005.txt    	  102	 4028	    0	    2	 3768	 6376	  9190	  4028	     0	    0.23	    0.40	    0.03	    0.07	    0.00	    0.00	    0.03	    0.06	       19	     3197	     3244	        0	        0	        1	        1	        501.2500	           511.0	        509.0000	          509.00	   2	
n100w160.001.txt    	  102	 4391	    0	    2	 3573	 6013	 13608	  4391	     0	    0.76	    2.18	    0.07	    0.60	    0.00	    0.00	    0.03	    0.37	      119	     3810	     4723	        0	        0	        0	       18	        574.8095	           584.0	        582.0000	          582.00	   2	
n100w160.002.txt    	  102	 4375	    0	    2	 3546	 6029	 14726	  4375	     0	    0.66	    5.56	    0.04	    2.13	    0.00	    0.00	    0.03	    1.04	      622	     4170	     6110	        0	        0	        0	       15	        517.5000	           534.0	        532.0000	          532.00	   2	
n100w160.003.txt    	  102	 4103	    0	    2	 3676	 6301	 10562	  4103	     0	    0.00	    0.29	    0.02	    0.02	    0.00	    0.00	    0.02	    0.02	        0	     3118	     3118	        0	        0	        0	        0	          0.0000	             0.0	        495.0000	          495.00	   2	
n100w160.004.txt    	  102	 4308	    4	    2	 3582	 6096	 13830	  4308	     0	    0.80	   10.22	    0.08	    3.56	    0.00	    0.00	    0.03	    1.91	      742	     4946	    12374	        0	        0	        0	       54	        571.8714	           605.0	        580.0000	          580.00	   2	
n100w160.005.txt    	  102	 4075	    0	    2	 3703	 6329	 10968	  4075	     0	    0.66	    3.79	    0.05	    1.32	    0.00	    0.00	    0.03	    0.80	      432	     4195	     5826	        0	        0	        1	       13	        574.5417	           602.0	        586.0000	          586.00	   2	
n100w80.001.txt     	  102	 2219	   39	    2	 4342	 8185	  4485	  2219	     0	    0.21	    0.57	    0.02	    0.09	    0.00	    0.00	    0.06	    0.23	       72	     3132	     3547	        0	        0	        9	       28	        666.6667	           676.0	        670.0000	          670.00	   2	
n100w80.002.txt     	  102	 1926	   65	    2	 4455	 8478	  3465	  1926	     0	    0.00	    0.13	    0.02	    0.02	    0.00	    0.00	    0.02	    0.02	        0	     3529	     3529	        0	        0	        4	        4	          0.0000	             0.0	        668.0000	          668.00	   2	
n100w80.003.txt     	  102	 2103	   45	    2	 4389	 8301	  3691	  2103	     0	    0.00	    0.08	    0.01	    0.01	    0.00	    0.00	    0.02	    0.02	        0	     2333	     2333	        0	        0	        0	        0	          0.0000	             0.0	        691.0000	          691.00	   2	
n100w80.004.txt     	  102	 2275	   15	    2	 4325	 8129	  4861	  2275	     0	    0.28	    0.31	    0.02	    0.03	    0.00	    0.00	    0.05	    0.06	        7	     3905	     3990	        0	        0	        5	        7	        697.4444	           700.0	        700.0000	          700.00	   2	
n100w80.005.txt     	  102	 2531	   26	    2	 4228	 7873	  5383	  2531	     0	    0.00	    0.19	    0.02	    0.02	    0.00	    0.00	    0.02	    0.02	        0	     2582	     2582	        0	        0	        0	        0	          0.0000	             0.0	        603.0000	          603.00	   2	
n20w120.001.txt     	   22	  244	    0	    2	  145	  240	   174	   244	     0	    0.00	    0.00	    0.00	    0.00	    0.00	    0.00	    0.00	    0.00	        0	       45	       45	        0	        0	        0	        0	          0.0000	             0.0	        267.0000	          267.00	   2	
n20w120.002.txt     	   22	  300	    1	    2	  119	  184	   408	   300	     0	    0.08	    0.20	    0.01	    0.02	    0.00	    0.00	    0.00	    0.02	      139	      115	      273	        0	        0	        0	        6	        209.3333	           222.0	        218.0000	          218.00	   2	
n20w120.003.txt     	   22	  254	    0	    2	  138	  230	   305	   254	     0	    0.11	    0.10	    0.00	    0.00	    0.00	    0.00	    0.01	    0.01	        3	      191	      191	        0	        0	        6	        6	        300.1429	           311.0	        303.0000	          303.00	   2	
n20w120.004.txt     	   22	  248	    0	    2	  146	  236	   303	   248	     0	    0.01	    0.02	    0.00	    0.00	    0.00	    0.00	    0.00	    0.00	        9	      188	      224	        0	        0	        0	        1	        285.5000	           300.0	        300.0000	          300.00	   2	
n20w120.005.txt     	   22	  266	    0	    2	  139	  218	   284	   266	     0	    0.00	    0.00	    0.00	    0.00	    0.00	    0.00	    0.00	    0.00	        0	       81	       81	        0	        0	        0	        0	          0.0000	             0.0	        240.0000	          240.00	   2	
n20w140.001.txt     	   22	  323	    0	    2	  116	  161	   370	   323	     0	    0.00	    0.00	    0.00	    0.00	    0.00	    0.00	    0.00	    0.00	        0	       59	       59	        0	        0	        0	        0	          0.0000	             0.0	        176.0000	          176.00	   2	
n20w140.002.txt     	   22	  279	    1	    2	  130	  205	   357	   279	     0	    0.11	    0.40	    0.01	    0.03	    0.00	    0.00	    0.01	    0.17	      288	      168	      401	        0	        0	        7	       56	        259.7163	           277.0	        272.0000	          272.00	   2	
n20w140.003.txt     	   22	  296	    0	    2	  126	  188	   350	   296	     0	    0.00	    0.06	    0.00	    0.00	    0.00	    0.00	    0.01	    0.01	        0	      127	      127	        0	        0	        5	        5	          0.0000	             0.0	        236.0000	          236.00	   2	
n20w140.004.txt     	   22	  306	    0	    2	  113	  178	   341	   306	     0	    0.06	    0.10	    0.01	    0.01	    0.00	    0.00	    0.01	    0.02	       69	      115	      160	        0	        0	        3	        9	        252.5000	           261.0	        255.0000	          255.00	   2	
n20w140.005.txt     	   22	  285	    0	    2	  129	  199	   340	   285	     0	    0.00	    0.01	    0.00	    0.00	    0.00	    0.00	    0.00	    0.00	        0	      108	      108	        0	        0	        1	        1	          0.0000	             0.0	        225.0000	          225.00	   2	
n20w160.001.txt     	   22	  299	    0	    2	  120	  185	   310	   299	     0	    0.07	    0.07	    0.00	    0.00	    0.00	    0.00	    0.02	    0.02	       20	      107	      128	        0	        0	        5	        6	        237.6364	           241.0	        241.0000	          241.00	   2	
n20w160.002.txt     	   22	  314	    2	    2	  115	  170	   389	   314	     0	    0.00	    0.00	    0.00	    0.00	    0.00	    0.00	    0.00	    0.00	        0	       61	       61	        0	        0	        0	        0	          0.0000	             0.0	        201.0000	          201.00	   2	
n20w160.003.txt     	   22	  281	    0	    2	  129	  203	   264	   281	     0	    0.00	    0.00	    0.00	    0.00	    0.00	    0.00	    0.00	    0.00	        0	       39	       39	        0	        0	        0	        0	          0.0000	             0.0	        201.0000	          201.00	   2	
n20w160.004.txt     	   22	  337	    0	    2	   96	  147	   341	   337	     0	    0.00	    0.03	    0.00	    0.00	    0.00	    0.00	    0.00	    0.00	        0	       77	       77	        0	        0	        0	        0	          0.0000	             0.0	        203.0000	          203.00	   2	
n20w160.005.txt     	   22	  303	    0	    2	  117	  181	   434	   303	     0	    0.01	    0.02	    0.00	    0.00	    0.00	    0.00	    0.00	    0.00	        9	       95	      121	        0	        0	        0	        0	        226.0000	           251.0	        245.0000	          245.00	   2	
n20w180.001.txt     	   22	  301	    0	    2	  119	  183	   359	   301	     0	    0.00	    0.01	    0.00	    0.00	    0.00	    0.00	    0.00	    0.00	        0	       74	       74	        0	        0	        0	        0	          0.0000	             0.0	        253.0000	          253.00	   2	
n20w180.002.txt     	   22	  308	    0	    2	  111	  176	   415	   308	     0	    0.00	    0.01	    0.00	    0.00	    0.00	    0.00	    0.00	    0.00	        0	      114	      114	        0	        0	        0	        0	          0.0000	             0.0	        265.0000	          265.00	   2	
n20w180.003.txt     	   22	  337	    0	    2	  100	  147	   431	   337	     0	    0.06	    0.15	    0.00	    0.01	    0.00	    0.00	    0.00	    0.04	       77	      128	      167	        0	        0	        0	        9	        252.9333	           278.0	        271.0000	          271.00	   2	
n20w180.004.txt     	   22	  339	    0	    2	   99	  145	   480	   339	     0	    0.00	    0.01	    0.00	    0.00	    0.00	    0.00	    0.00	    0.00	        0	       69	       69	        0	        0	        2	        2	          0.0000	             0.0	        201.0000	          201.00	   2	
n20w180.005.txt     	   22	  358	    0	    2	   83	  126	   396	   358	     0	    0.00	    0.01	    0.00	    0.00	    0.00	    0.00	    0.00	    0.00	        0	       66	       66	        0	        0	        0	        0	          0.0000	             0.0	        193.0000	          193.00	   2	
n20w200.001.txt     	   22	  350	    0	    2	   88	  134	   433	   350	     0	    0.09	    0.10	    0.00	    0.00	    0.00	    0.00	    0.00	    0.01	       13	      110	      128	        0	        0	        3	        4	        228.8667	           234.0	        233.0000	          233.00	   2	
n20w200.002.txt     	   22	  373	    0	    2	   73	  111	   452	   373	     0	    0.05	    0.06	    0.00	    0.00	    0.00	    0.00	    0.00	    0.01	        4	       85	       85	        0	        0	        1	        2	        200.5556	           210.0	        203.0000	          203.00	   2	
n20w200.003.txt     	   22	  339	    0	    2	   93	  145	   418	   339	     0	    0.03	    0.03	    0.00	    0.00	    0.00	    0.00	    0.00	    0.00	        5	       94	      116	        0	        0	        0	        0	        238.5000	           249.0	        249.0000	          249.00	   2	
n20w200.004.txt     	   22	  337	    0	    2	   96	  147	   440	   337	     0	    0.10	    0.31	    0.00	    0.04	    0.00	    0.00	    0.00	    0.06	      257	      137	      264	        0	        0	        0	       24	        276.7111	           303.0	        293.0000	          293.00	   2	
n20w200.005.txt     	   22	  363	    0	    2	   79	  121	   401	   363	     0	    0.00	    0.01	    0.00	    0.00	    0.00	    0.00	    0.00	    0.00	        0	       62	       62	        0	        0	        0	        0	          0.0000	             0.0	        227.0000	          227.00	   2	
n40w120.001.txt     	   42	  743	    1	    2	  604	 1021	   959	   743	     0	    0.00	    0.02	    0.00	    0.00	    0.00	    0.00	    0.00	    0.00	        0	      436	      436	        0	        0	        0	        0	          0.0000	             0.0	        434.0000	          434.00	   2	
n40w120.002.txt     	   42	  806	    0	    2	  574	  958	  1367	   806	     0	    0.00	    0.04	    0.00	    0.00	    0.00	    0.00	    0.01	    0.01	        0	      633	      633	        0	        0	        1	        1	          0.0000	             0.0	        445.0000	          445.00	   2	
n40w120.003.txt     	   42	  852	    0	    2	  566	  912	  1167	   852	     0	    0.05	    0.06	    0.00	    0.01	    0.00	    0.00	    0.01	    0.02	        8	      428	      445	        0	        0	        5	        7	        351.5000	           358.0	        357.0000	          357.00	   2	
n40w120.004.txt     	   42	  893	    0	    2	  549	  871	  1566	   893	     0	    0.15	    0.34	    0.01	    0.04	    0.00	    0.00	    0.02	    0.06	       58	      827	     1084	        0	        0	        7	       18	        294.0714	           312.0	        303.0000	          303.00	   2	
n40w120.005.txt     	   42	  804	    4	    2	  582	  960	  1243	   804	     0	    0.00	    0.01	    0.00	    0.00	    0.00	    0.00	    0.00	    0.00	        0	      290	      290	        0	        0	        0	        0	          0.0000	             0.0	        350.0000	          350.00	   2	
n40w140.001.txt     	   42	  858	    0	    2	  561	  906	  1264	   858	     0	    0.10	    0.17	    0.00	    0.01	    0.00	    0.00	    0.02	    0.03	       32	      514	      679	        0	        0	       14	       24	        335.0000	           342.0	        340.0000	          340.00	   2	
n40w140.002.txt     	   42	  895	    0	    2	  548	  869	  1354	   895	     0	    0.25	    0.28	    0.02	    0.02	    0.00	    0.00	    0.00	    0.01	       10	      900	      961	        0	        0	        0	        0	        378.0909	           383.0	        383.0000	          383.00	   2	
n40w140.003.txt     	   42	  825	    0	    2	  571	  939	  1373	   825	     0	    0.12	    0.11	    0.01	    0.01	    0.00	    0.00	    0.01	    0.01	        3	      854	      854	        0	        0	        4	        8	        396.8571	           398.0	        398.0000	          398.00	   2	
n40w140.004.txt     	   42	  963	    0	    2	  516	  801	  1725	   963	     0	    0.00	    0.03	    0.00	    0.00	    0.00	    0.00	    0.00	    0.00	        0	      534	      534	        0	        0	        0	        0	          0.0000	             0.0	        342.0000	          342.00	   2	
n40w140.005.txt     	   42	 1025	    0	    2	  484	  739	  2139	  1025	     0	    0.09	    0.26	    0.00	    0.03	    0.00	    0.00	    0.00	    0.03	       30	      525	      870	        0	        0	        0	        2	        352.3846	           371.0	        371.0000	          371.00	   2	
n40w160.001.txt     	   42	 1007	    0	    2	  489	  757	  1922	  1007	     0	    0.04	    0.08	    0.00	    0.01	    0.00	    0.00	    0.00	    0.01	       16	      577	      685	        0	        0	        0	        0	        334.6667	           350.0	        348.0000	          348.00	   2	
n40w160.002.txt     	   42	 1015	    0	    2	  483	  749	  1906	  1015	     0	    0.00	    0.02	    0.00	    0.00	    0.00	    0.00	    0.00	    0.00	        0	      313	      313	        0	        0	        0	        0	          0.0000	             0.0	        337.0000	          337.00	   2	
n40w160.003.txt     	   42	 1021	    0	    2	  459	  743	  1993	  1021	     0	    0.00	    0.07	    0.00	    0.00	    0.00	    0.00	    0.01	    0.01	        0	      590	      590	        0	        0	        1	        1	          0.0000	             0.0	        346.0000	          346.00	   2	
n40w160.004.txt     	   42	 1174	    0	    2	  410	  590	  2339	  1174	     0	    0.11	    0.15	    0.01	    0.02	    0.00	    0.00	    0.01	    0.02	       29	      430	      486	        0	        0	        3	        5	        287.0000	           291.0	        288.0000	          288.00	   2	
n40w160.005.txt     	   42	 1116	    0	    2	  441	  648	  2347	  1116	     0	    0.19	    0.27	    0.01	    0.02	    0.00	    0.00	    0.01	    0.02	       20	      459	      535	        0	        0	        0	        2	        305.8462	           320.0	        315.0000	          315.00	   2	
n40w180.001.txt     	   42	 1097	    0	    2	  440	  667	  2621	  1097	     0	    0.27	    0.45	    0.01	    0.05	    0.00	    0.00	    0.01	    0.06	       50	      643	      759	        0	        0	        2	       12	        329.8350	           339.0	        337.0000	          337.00	   2	
n40w180.002.txt     	   42	 1144	    0	    2	  409	  620	  2358	  1144	     0	    0.19	    0.38	    0.01	    0.05	    0.00	    0.00	    0.00	    0.03	       54	      548	      728	        0	        0	        0	        3	        335.5299	           349.0	        347.0000	          347.00	   2	
n40w180.003.txt     	   42	 1089	    1	    2	  443	  675	  2090	  1089	     0	    0.02	    0.03	    0.00	    0.00	    0.00	    0.00	    0.00	    0.00	        3	      305	      367	        0	        0	        0	        0	        277.0000	           279.0	        279.0000	          279.00	   2	
n40w180.004.txt     	   42	 1072	    0	    2	  452	  692	  2246	  1072	     0	    0.15	    0.75	    0.01	    0.22	    0.00	    0.00	    0.01	    0.11	      308	      503	     1031	        0	        0	        6	       10	        340.2027	           356.0	        354.0000	          354.00	   2	
n40w180.005.txt     	   42	 1230	    0	    2	  378	  534	  2873	  1230	     0	    0.11	    1.27	    0.01	    0.35	    0.00	    0.00	    0.01	    0.29	      390	      515	     1026	        0	        0	        0	       27	        326.0000	           348.0	        335.0000	          335.00	   2	
n40w200.001.txt     	   42	 1271	    1	    2	  342	  493	  3137	  1271	     0	    0.23	    0.56	    0.01	    0.09	    0.00	    0.00	    0.01	    0.05	       86	      420	      595	        0	        0	        0	        6	        323.7653	           339.0	        330.0000	          330.00	   2	
n40w200.002.txt     	   42	 1261	    0	    2	  341	  503	  2561	  1261	     0	    0.00	    0.06	    0.00	    0.00	    0.00	    0.00	    0.01	    0.01	        0	      212	      212	        0	        0	        0	        0	          0.0000	             0.0	        303.0000	          303.00	   2	
n40w200.003.txt     	   42	 1229	    0	    2	  359	  535	  2996	  1229	     0	    0.05	   32.69	    0.00	    8.72	    0.00	    0.00	    0.00	    4.40	    14816	      454	     2541	        0	        0	        0	       21	        288.7381	           343.0	        339.0000	          339.00	   2	
n40w200.004.txt     	   42	 1181	    0	    2	  410	  583	  2476	  1181	     0	    0.14	    0.57	    0.01	    0.07	    0.00	    0.00	    0.00	    0.22	      108	      582	      885	        0	        0	        0	       33	        283.2500	           302.0	        301.0000	          301.00	   2	
n40w200.005.txt     	   42	 1322	    0	    2	  301	  442	  2809	  1322	     0	    0.19	    0.34	    0.01	    0.04	    0.00	    0.00	    0.00	    0.03	       36	      359	      474	        0	        0	        0	        9	        289.0625	           297.0	        296.0000	          296.00	   2	
n60w120.001.txt     	   62	 1664	    0	    2	 1318	 2180	  3015	  1664	     0	    0.00	    0.05	    0.00	    0.00	    0.00	    0.00	    0.01	    0.01	        0	      721	      721	        0	        0	        1	        1	          0.0000	             0.0	        384.0000	          384.00	   2	
n60w120.002.txt     	   62	 1522	    5	    2	 1359	 2322	  2879	  1522	     0	    0.00	    0.05	    0.00	    0.00	    0.00	    0.00	    0.01	    0.01	        0	     1038	     1038	        0	        0	        6	        6	          0.0000	             0.0	        427.0000	          427.00	   2	
n60w120.003.txt     	   62	 1708	    0	    2	 1302	 2136	  3394	  1708	     0	    0.00	    0.05	    0.00	    0.00	    0.00	    0.00	    0.00	    0.00	        0	     1179	     1179	        0	        0	        0	        0	          0.0000	             0.0	        407.0000	          407.00	   2	
n60w120.004.txt     	   62	 1639	    0	    2	 1321	 2205	  3426	  1639	     0	    0.21	    0.26	    0.02	    0.02	    0.00	    0.00	    0.03	    0.03	        8	     1066	     1107	        0	        0	        6	        6	        487.4000	           505.0	        490.0000	          490.00	   2	
n60w120.005.txt     	   62	 1619	    0	    2	 1329	 2225	  3273	  1619	     0	    0.00	    0.05	    0.00	    0.00	    0.00	    0.00	    0.00	    0.00	        0	      894	      894	        0	        0	        0	        0	          0.0000	             0.0	        547.0000	          547.00	   2	
n60w140.001.txt     	   62	 1798	    0	    2	 1239	 2046	  4269	  1798	     0	    0.06	    0.09	    0.00	    0.01	    0.00	    0.00	    0.01	    0.01	        5	     1802	     1869	        0	        0	        0	        0	        420.5000	           434.0	        423.0000	          423.00	   2	
n60w140.002.txt     	   62	 1729	    5	    2	 1270	 2115	  3747	  1729	     0	    0.00	    0.08	    0.00	    0.00	    0.00	    0.00	    0.01	    0.01	        0	     1089	     1089	        0	        0	        0	        0	          0.0000	             0.0	        462.0000	          462.00	   2	
n60w140.003.txt     	   62	 1766	    0	    2	 1248	 2078	  3307	  1766	     0	    0.18	    0.24	    0.01	    0.02	    0.00	    0.00	    0.01	    0.03	        6	     1768	     1771	        0	        0	        0	        5	        425.1000	           428.0	        427.0000	          427.00	   2	
n60w140.004.txt     	   62	 1736	   13	    2	 1241	 2108	  4308	  1736	     0	    0.18	   32.06	    0.01	    5.50	    0.00	    0.00	    0.03	    5.20	     8235	     1181	    10684	        0	        0	        4	      245	        453.6358	           495.0	        488.0000	          488.00	   2	
n60w140.005.txt     	   62	 1814	    0	    2	 1242	 2030	  4147	  1814	     0	    0.34	   22.40	    0.01	    8.64	    0.00	    0.00	    0.01	    3.86	     7289	     1919	     4061	        0	        0	        0	      120	        441.0000	           472.0	        460.0000	          460.00	   2	
n60w160.001.txt     	   62	 1903	    0	    2	 1201	 1941	  4685	  1903	     0	    0.32	    9.45	    0.03	    3.50	    0.00	    0.00	    0.01	    1.32	     2289	     1598	     5496	        0	        0	        0	       76	        535.5000	           570.0	        562.0000	          562.00	   2	
n60w160.002.txt     	   62	 1964	    0	    2	 1179	 1880	  4758	  1964	     0	    0.00	    0.06	    0.00	    0.00	    0.00	    0.00	    0.01	    0.01	        0	      875	      875	        0	        0	        0	        0	          0.0000	             0.0	        423.0000	          423.00	   2	
n60w160.003.txt     	   62	 2252	    1	    2	 1026	 1592	  6619	  2252	     0	    0.25	    0.72	    0.02	    0.15	    0.00	    0.00	    0.01	    0.16	      113	     1166	     1435	        0	        0	        0	       23	        429.0000	           434.0	        434.0000	          434.00	   2	
n60w160.004.txt     	   62	 1941	    0	    2	 1186	 1903	  4650	  1941	     0	    0.00	    0.12	    0.01	    0.01	    0.00	    0.00	    0.00	    0.00	        0	     1136	     1136	        0	        0	        0	        0	          0.0000	             0.0	        401.0000	          401.00	   2	
n60w160.005.txt     	   62	 1879	    0	    2	 1190	 1965	  4709	  1879	     0	    0.26	    0.82	    0.03	    0.20	    0.00	    0.00	    0.01	    0.07	       87	     1346	     1698	        0	        0	        0	        3	        483.9167	           502.0	        502.0000	          502.00	   2	
n60w180.001.txt     	   62	 2193	    1	    2	 1062	 1651	  5852	  2193	     0	    0.40	   26.42	    0.04	    7.99	    0.00	    0.00	    0.01	    3.21	     5507	     1373	     5519	        0	        0	        2	      146	        388.0393	           422.0	        413.0000	          413.00	   2	
n60w180.002.txt     	   62	 2331	    0	    2	 1012	 1513	  6927	  2331	     0	    0.00	    0.07	    0.00	    0.00	    0.00	    0.00	    0.01	    0.01	        0	      716	      716	        0	        0	        0	        0	          0.0000	             0.0	        399.0000	          399.00	   2	
n60w180.003.txt     	   62	 2321	    0	    2	 1034	 1523	  6322	  2321	     0	    0.22	    3.29	    0.02	    1.32	    0.00	    0.00	    0.01	    0.56	      680	     1149	     2272	        0	        0	        0	       27	        429.4778	           448.0	        445.0000	          445.00	   2	
n60w180.004.txt     	   62	 2233	    0	    2	 1038	 1611	  6608	  2233	     0	    0.33	    0.90	    0.02	    0.18	    0.00	    0.00	    0.01	    0.06	       73	     1579	     1927	        0	        0	        0	        5	        441.6000	           456.0	        456.0000	          456.00	   2	
n60w180.005.txt     	   62	 2455	    0	    2	  952	 1389	  7390	  2455	     0	    0.25	  148.72	    0.01	   45.15	    0.00	    0.00	    0.01	   23.69	    41093	      972	     6459	        0	        0	        4	      463	        378.3095	           400.0	        395.0000	          395.00	   2	
n60w200.001.txt     	   62	 2534	    0	    2	  894	 1310	  8391	  2534	     0	    0.35	    3.71	    0.02	    1.55	    0.00	    0.00	    0.01	    0.39	      508	     1050	     2028	        0	        0	        0	       13	        392.0603	           422.0	        410.0000	          410.00	   2	
n60w200.002.txt     	   62	 2374	    0	    2	  983	 1470	  7092	  2374	     0	    0.00	    0.12	    0.01	    0.01	    0.00	    0.00	    0.01	    0.01	        0	     1207	     1207	        0	        0	        0	        0	          0.0000	             0.0	        414.0000	          414.00	   2	
n60w200.003.txt     	   62	 2501	    0	    2	  872	 1343	  7896	  2501	     0	    0.14	   15.65	    0.00	    5.21	    0.00	    0.00	    0.00	    1.60	     2968	      978	     4463	        0	        0	        0	       22	        395.1071	           456.0	        455.0000	          455.00	   2	
n60w200.004.txt     	   62	 2362	    1	    2	  985	 1482	  7025	  2362	     0	    0.15	    0.20	    0.01	    0.02	    0.00	    0.00	    0.01	    0.02	       13	     1151	     1295	        0	        0	        0	        0	        427.5000	           436.0	        431.0000	          431.00	   2	
n60w200.005.txt     	   62	 2470	    0	    2	  899	 1374	  7594	  2470	     0	    0.24	    2.59	    0.01	    1.02	    0.00	    0.00	    0.02	    0.37	      449	     1147	     1907	        0	        0	        4	       31	        417.2456	           433.0	        427.0000	          427.00	   2	
n80w100.001.txt     	   82	 2191	   26	    2	 2478	 4533	  5918	  2191	     0	    0.00	    0.09	    0.01	    0.01	    0.00	    0.00	    0.02	    0.02	        0	     1742	     1742	        0	        0	        3	        3	          0.0000	             0.0	        565.0000	          565.00	   2	
n80w100.002.txt     	   82	 1720	   31	    2	 2670	 5004	  3513	  1720	     0	    0.27	    0.32	    0.02	    0.02	    0.00	    0.00	    0.02	    0.03	        3	     2946	     2949	        0	        0	        2	        2	        565.1538	           567.0	        567.0000	          567.00	   2	
n80w100.003.txt     	   82	 2339	   16	    2	 2501	 4385	  6041	  2339	     0	    0.31	    0.80	    0.03	    0.17	    0.00	    0.00	    0.03	    0.15	       63	     2082	     2474	        0	        0	        5	       21	        564.4167	           594.0	        580.0000	          580.00	   2	
n80w100.004.txt     	   82	 1606	   53	    2	 2740	 5118	  2744	  1606	     0	    0.18	    0.67	    0.02	    0.13	    0.00	    0.00	    0.04	    0.20	      147	     2299	     3309	        0	        0	        8	       24	        643.6176	           652.0	        649.0000	          649.00	   2	
n80w100.005.txt     	   82	 2152	   26	    2	 2516	 4572	  5386	  2152	     0	    0.07	    0.10	    0.00	    0.01	    0.00	    0.00	    0.01	    0.01	        3	     2349	     2478	        0	        0	        0	        0	        507.5000	           532.0	        532.0000	          532.00	   2	
n80w120.001.txt     	   82	 2779	    1	    2	 2350	 3945	  7034	  2779	     0	    0.28	    2.58	    0.02	    0.75	    0.00	    0.00	    0.03	    0.74	      400	     2641	     4860	        0	        0	        5	       63	        492.5000	           518.0	        498.0000	          498.00	   2	
n80w120.002.txt     	   82	 2506	    2	    2	 2442	 4218	  6287	  2506	     0	    0.23	    0.24	    0.03	    0.03	    0.00	    0.00	    0.03	    0.03	        2	     2143	     2143	        0	        0	        4	        4	        576.5714	           578.0	        577.0000	          577.00	   2	
n80w120.003.txt     	   82	 2553	    0	    2	 2423	 4171	  5886	  2553	     0	    0.00	    0.15	    0.02	    0.02	    0.00	    0.00	    0.03	    0.03	        0	     1369	     1369	        0	        0	        6	        6	          0.0000	             0.0	        540.0000	          540.00	   2	
n80w120.004.txt     	   82	 2986	    0	    2	 2277	 3738	  7918	  2986	     0	    0.37	    1.64	    0.03	    0.55	    0.00	    0.00	    0.03	    0.34	      265	     2551	     3066	        0	        0	        5	       17	        482.0000	           507.0	        501.0000	          501.00	   2	
n80w120.005.txt     	   82	 2662	    0	    2	 2398	 4062	  6521	  2662	     0	    0.40	  173.17	    0.03	   53.09	    0.00	    0.00	    0.03	   26.27	    32797	     2932	    14039	        0	        0	        1	      292	        572.2115	           595.0	        591.0000	          591.00	   2	
n80w140.001.txt     	   82	 2984	    0	    2	 2257	 3740	  8327	  2984	     0	    0.00	    0.11	    0.01	    0.01	    0.00	    0.00	    0.01	    0.01	        0	     1568	     1568	        0	        0	        0	        0	          0.0000	             0.0	        512.0000	          512.00	   2	
n80w140.002.txt     	   82	 2993	    0	    2	 2250	 3731	  8225	  2993	     0	    0.42	   20.72	    0.04	    6.62	    0.00	    0.00	    0.02	    4.10	     3839	     3255	     9314	        0	        0	        2	      166	        451.6667	           481.0	        470.0000	          470.00	   2	
n80w140.003.txt     	   82	 2947	    0	    2	 2279	 3777	  8122	  2947	     0	    0.52	   23.42	    0.04	    8.21	    0.00	    0.00	    0.04	    4.89	     5475	     2599	     7054	        0	        0	        6	      156	        561.1117	           593.0	        580.0000	          580.00	   2	
n80w140.004.txt     	   82	 2875	    1	    2	 2250	 3849	  6862	  2875	     0	    0.36	    2.45	    0.02	    0.77	    0.00	    0.00	    0.07	    0.73	      539	     2044	     3479	        0	        0	        9	       42	        413.5000	           438.0	        423.0000	          423.00	   2	
n80w140.005.txt     	   82	 2951	    2	    2	 2257	 3773	  8279	  2951	     0	    0.00	    0.15	    0.01	    0.01	    0.00	    0.00	    0.01	    0.01	        0	     1838	     1838	        0	        0	        0	        0	          0.0000	             0.0	        545.0000	          545.00	   2	
n80w160.001.txt     	   82	 3391	    1	    2	 2072	 3333	 11605	  3391	     0	    0.33	    8.29	    0.01	    2.61	    0.00	    0.00	    0.02	    1.43	      813	     2019	     8820	        0	        0	        1	       82	        496.1250	           528.0	        506.0000	          506.00	   2	
n80w160.002.txt     	   82	 3464	    0	    2	 2012	 3260	 10334	  3464	     0	    0.62	    5.33	    0.05	    2.26	    0.00	    0.00	    0.02	    0.57	      588	     2850	     4085	        0	        0	        0	       13	        515.2241	           550.0	        549.0000	          549.00	   2	
n80w160.003.txt     	   82	 3526	    1	    2	 2006	 3198	 12960	  3526	     0	    0.43	    0.71	    0.03	    0.09	    0.00	    0.00	    0.04	    0.08	       46	     2372	     2858	        0	        0	        3	        8	        518.5000	           521.0	        521.0000	          521.00	   2	
n80w160.004.txt     	   82	 3247	    2	    2	 2099	 3477	  9643	  3247	     0	    0.53	    7.66	    0.04	    3.75	    0.00	    0.00	    0.02	    0.86	      854	     2483	     5061	        0	        0	        0	       28	        490.0000	           510.0	        509.0000	          509.00	   2	
n80w160.005.txt     	   82	 3369	    0	    2	 2101	 3355	 10168	  3369	     0	    0.43	    1.18	    0.04	    0.19	    0.00	    0.00	    0.02	    0.19	       91	     2869	     3810	        0	        0	        0	       15	        431.7500	           444.0	        439.0000	          439.00	   2	
n80w180.001.txt     	   82	 3614	    0	    2	 1921	 3110	 12748	  3614	     0	    0.60	   65.43	    0.06	   26.64	    0.00	    0.00	    0.02	    7.30	     8968	     2518	     8145	        0	        0	        1	       24	        530.0000	           560.0	        551.0000	          551.00	   2	
n80w180.002.txt     	   82	 3682	    0	    2	 1943	 3042	 13703	  3682	     0	    0.53	    2.72	    0.03	    0.93	    0.00	    0.00	    0.02	    0.26	      214	     2814	     3736	        0	        0	        0	        3	        467.7353	           482.0	        479.0000	          479.00	   2	
n80w180.003.txt     	   82	 3852	    2	    2	 1832	 2872	 14910	  3852	     0	    0.51	  100.90	    0.04	   35.17	    0.00	    0.00	    0.02	   10.62	     8333	     2215	    15371	        0	        0	        0	       84	        506.9524	           538.0	        524.0000	          524.00	   2	
n80w180.004.txt     	   82	 3610	    0	    2	 1978	 3114	 10553	  3610	     0	    0.25	    0.47	    0.02	    0.10	    0.00	    0.00	    0.02	    0.06	       30	     1904	     2052	        0	        0	        2	        2	        476.0000	           489.0	        479.0000	          479.00	   2	
n80w180.005.txt     	   82	 3355	    0	    2	 2045	 3369	  8708	  3355	     0	    0.46	    2.27	    0.05	    0.76	    0.00	    0.00	    0.02	    0.31	      250	     2717	     4207	        0	        0	        0	        9	        462.7332	           475.0	        470.0000	          470.00	   2	
n80w200.001.txt     	   82	 4339	    0	    2	 1577	 2385	 17140	  4339	     0	    0.78	  392.85	    0.03	  117.99	    0.00	    0.00	    0.03	   38.03	    30138	     2570	    12619	        0	        0	        1	      521	        465.7547	           500.0	        490.0000	          490.00	   2	
n80w200.002.txt     	   82	 3827	    0	    2	 1831	 2897	 13617	  3827	     0	    0.46	   11.53	    0.02	    4.76	    0.00	    0.00	    0.02	    1.47	     1444	     1969	     4395	        0	        0	        0	       31	        461.5000	           490.0	        488.0000	          488.00	   2	
n80w200.003.txt     	   82	 4242	    3	    2	 1652	 2482	 18209	  4242	     0	    0.88	  170.97	    0.05	   77.54	    0.00	    0.00	    0.02	   15.63	    11240	     2165	     9066	        0	        0	        0	      242	        439.4127	           472.0	        464.0000	          464.00	   2	
n80w200.004.txt     	   82	 3898	    0	    2	 1796	 2826	 15534	  3898	     0	    0.56	    4.00	    0.04	    1.36	    0.00	    0.00	    0.02	    0.26	      227	     2100	     3850	        0	        0	        1	       10	        493.5854	           533.0	        526.0000	          526.00	   2	
n80w200.005.txt     	   82	 4292	    0	    2	 1625	 2432	 17973	  4292	     0	    0.55	   12.02	    0.05	    6.36	    0.00	    0.00	    0.01	    1.15	     1238	     1852	     3505	        0	        0	        0	       10	        425.2971	           441.0	        439.0000	          439.00	   2	
