n100w20.001.txt     	  102	  409	   71	    2	 5039	 9995	   326	   409	     0	    0.00	    0.04	    0.00	    0.00	    0.00	    0.00	    0.02	    0.02	        0	      479	      479	        0	        0	        1	        1	          0.0000	             0.0	        738.0000	          738.00	   2	
n100w20.002.txt     	  102	  485	   74	    2	 5019	 9919	   384	   485	     0	    0.00	    0.04	    0.00	    0.00	    0.00	    0.00	    0.01	    0.01	        0	      939	      939	        0	        0	        0	        0	          0.0000	             0.0	        715.0000	          715.00	   2	
n100w20.003.txt     	  102	  424	   75	    2	 5029	 9980	   371	   424	     0	    0.00	    0.04	    0.00	    0.00	    0.00	    0.00	    0.01	    0.01	        0	      837	      837	        0	        0	        0	        0	          0.0000	             0.0	        762.0000	          762.00	   2	
n100w20.004.txt     	  102	  429	   73	    2	 5036	 9975	   371	   429	     0	    0.00	    0.08	    0.01	    0.01	    0.00	    0.00	    0.04	    0.04	        0	      900	      900	        0	        0	        6	        6	          0.0000	             0.0	        799.0000	          799.00	   2	
n100w20.005.txt     	  102	  446	   76	    2	 5021	 9958	   426	   446	     0	    0.05	    0.34	    0.00	    0.01	    0.00	    0.00	    0.03	    0.25	       39	     1430	     2164	        0	        0	        4	       41	        772.5000	    1000000000.0	        774.0000	          774.00	   2	
n100w40.001.txt     	  102	  866	   67	    2	 4866	 9538	   939	   866	     0	    0.00	    0.13	    0.01	    0.01	    0.00	    0.00	    0.04	    0.04	        0	     2374	     2374	        0	        0	        1	        1	          0.0000	             0.0	        770.0000	          770.00	   2	
n100w40.002.txt     	  102	  983	   53	    2	 4828	 9421	   846	   983	     0	    0.35	    0.36	    0.01	    0.01	    0.00	    0.00	    0.05	    0.05	        3	     2574	     2574	        0	        0	        9	        9	        651.5429	           675.0	        653.0000	          653.00	   2	
n100w40.003.txt     	  102	 1043	   53	    2	 4811	 9361	  1098	  1043	     0	    0.00	    0.05	    0.01	    0.01	    0.00	    0.00	    0.01	    0.01	        0	     1668	     1668	        0	        0	        0	        0	          0.0000	             0.0	        736.0000	          736.00	   2	
n100w40.004.txt     	  102	 1067	   50	    2	 4799	 9337	  1246	  1067	     0	    0.24	    0.24	    0.01	    0.01	    0.00	    0.00	    0.07	    0.07	        2	     2178	     2201	        0	        0	       18	       18	        650.0000	           651.0	        651.0000	          651.00	   2	
n100w40.005.txt     	  102	  954	   68	    2	 4838	 9450	   975	   954	     0	    0.00	    0.07	    0.01	    0.01	    0.00	    0.00	    0.02	    0.02	        0	     1877	     1877	        0	        0	        1	        1	          0.0000	             0.0	        699.0000	          699.00	   2	
n100w60.001.txt     	  102	 1897	   36	    2	 4478	 8507	  3321	  1897	     0	    0.00	    0.17	    0.02	    0.02	    0.00	    0.00	    0.03	    0.03	        0	     2703	     2703	        0	        0	        3	        3	          0.0000	             0.0	        655.0000	          655.00	   2	
n100w60.002.txt     	  102	 1635	   52	    2	 4591	 8769	  2455	  1635	     0	    0.27	    0.53	    0.02	    0.05	    0.00	    0.00	    0.05	    0.19	       34	     3140	     3604	        0	        0	        6	       29	        649.4167	           687.0	        659.0000	          659.00	   2	
n100w60.003.txt     	  102	 1593	   47	    2	 4579	 8811	  2779	  1593	     0	    0.39	    0.41	    0.03	    0.03	    0.00	    0.00	    0.09	    0.10	        3	     4003	     4060	        0	        0	        9	        9	        743.2973	           752.0	        744.0000	          744.00	   2	
n100w60.004.txt     	  102	 1613	   67	    2	 4578	 8791	  2586	  1613	     0	    0.00	    0.10	    0.01	    0.01	    0.00	    0.00	    0.02	    0.02	        0	     3055	     3055	        0	        0	        0	        0	          0.0000	             0.0	        764.0000	          764.00	   2	
n100w60.005.txt     	  102	 1379	   62	    2	 4689	 9025	  1795	  1379	     0	    0.19	    0.21	    0.02	    0.02	    0.00	    0.00	    0.04	    0.05	        4	     1081	     1081	        0	        0	        9	        9	        660.0000	    1000000000.0	        661.0000	          661.00	   2	
n150w20.001.txt     	  152	  981	  100	    2	11184	22123	   835	   981	     0	    0.16	    0.23	    0.02	    0.03	    0.00	    0.00	    0.07	    0.11	        7	     4241	     4529	        0	        0	        6	        8	        925.0000	    1000000000.0	        925.0000	          925.00	   2	
n150w20.002.txt     	  152	  759	  116	    2	11258	22345	   657	   759	     0	    0.00	    0.22	    0.02	    0.02	    0.00	    0.00	    0.10	    0.10	        0	     2243	     2243	        0	        0	       12	       12	          0.0000	             0.0	        866.0000	          866.00	   2	
n150w20.003.txt     	  152	  900	  100	    2	11201	22204	   798	   900	     0	    0.00	    0.09	    0.00	    0.00	    0.00	    0.00	    0.04	    0.04	        0	     1912	     1912	        0	        0	        1	        1	          0.0000	             0.0	        834.0000	          834.00	   2	
n150w20.004.txt     	  152	  744	  109	    2	11264	22360	   621	   744	     0	    0.00	    0.11	    0.01	    0.01	    0.00	    0.00	    0.04	    0.04	        0	     1791	     1791	        0	        0	        1	        1	          0.0000	             0.0	        873.0000	          873.00	   2	
n150w20.005.txt     	  152	  889	   99	    2	11215	22215	   723	   889	     0	    0.36	    0.55	    0.02	    0.04	    0.00	    0.00	    0.14	    0.24	       21	     2531	     2597	        0	        0	       13	       19	        841.0000	           847.0	        846.0000	          846.00	   2	
n150w40.001.txt     	  152	 1993	  100	    2	10788	21111	  2903	  1993	     0	    0.00	    0.14	    0.01	    0.01	    0.00	    0.00	    0.03	    0.03	        0	     3513	     3513	        0	        0	        0	        0	          0.0000	             0.0	        918.0000	          918.00	   2	
n150w40.002.txt     	  152	 1652	   89	    2	10939	21452	  1894	  1652	     0	    0.00	    0.18	    0.02	    0.02	    0.00	    0.00	    0.06	    0.06	        0	     3831	     3831	        0	        0	        5	        5	          0.0000	             0.0	        942.0000	          942.00	   2	
n150w40.003.txt     	  152	 2248	   70	    2	10706	20856	  3365	  2248	     0	    0.00	    0.15	    0.01	    0.01	    0.00	    0.00	    0.05	    0.05	        0	     3513	     3513	        0	        0	        2	        2	          0.0000	             0.0	        727.0000	          727.00	   2	
n150w40.004.txt     	  152	 1882	   93	    2	10834	21222	  2219	  1882	     0	    0.00	    0.12	    0.01	    0.01	    0.00	    0.00	    0.03	    0.03	        0	     4390	     4390	        0	        0	        0	        0	          0.0000	             0.0	        764.0000	          764.00	   2	
n150w40.005.txt     	  152	 2358	   69	    2	10643	20746	  3663	  2358	     0	    0.77	    1.31	    0.07	    0.20	    0.00	    0.00	    0.23	    0.52	       65	     8295	     9577	        0	        0	       21	       34	        822.5000	    1000000000.0	        826.0000	          826.00	   2	
n150w60.001.txt     	  152	 2914	   82	    2	10486	20190	  4642	  2914	     0	    0.84	    5.67	    0.08	    1.15	    0.00	    0.00	    0.10	    2.74	      575	     8283	     9886	        0	        0	        8	      132	        853.3333	    1000000000.0	        859.0000	          859.00	   2	
n150w60.002.txt     	  152	 3048	   64	    2	10388	20056	  5920	  3048	     0	    0.52	    1.20	    0.04	    0.21	    0.00	    0.00	    0.11	    0.44	       58	     6549	     8400	        0	        0	        9	       37	        779.1667	    1000000000.0	        782.0000	          782.00	   2	
n150w60.003.txt     	  152	 2688	   69	    2	10519	20416	  4754	  2688	     0	    0.00	    0.65	    0.04	    0.04	    0.00	    0.00	    0.10	    0.10	        0	     6044	     6044	        0	        0	        9	        9	          0.0000	             0.0	        793.0000	          793.00	   2	
n150w60.004.txt     	  152	 2769	   76	    2	10480	20335	  4709	  2769	     0	    0.00	    0.26	    0.04	    0.04	    0.00	    0.00	    0.03	    0.03	        0	     7094	     7094	        0	        0	        0	        0	          0.0000	             0.0	        819.0000	          819.00	   2	
n150w60.005.txt     	  152	 2798	   76	    2	10455	20306	  5080	  2798	     0	    0.80	    4.22	    0.06	    1.04	    0.00	    0.00	    0.17	    1.59	      454	     7968	    12659	        0	        0	       21	       54	        836.2276	    1000000000.0	        842.0000	          842.00	   2	
n200w20.001.txt     	  202	 1624	  122	    2	19813	39180	  1470	  1624	     0	    0.00	    0.20	    0.02	    0.02	    0.00	    0.00	    0.05	    0.05	        0	     5183	     5183	        0	        0	        0	        0	          0.0000	             0.0	       1019.0000	         1019.00	   2	
n200w20.002.txt     	  202	 1591	  104	    2	19797	39213	  1626	  1591	     0	    0.49	    7.13	    0.05	    1.40	    0.00	    0.00	    0.20	    4.70	      898	     5326	     7746	        0	        0	       15	      118	        968.1333	    1000000000.0	        973.0000	          973.00	   2	
n200w20.003.txt     	  202	 1430	  120	    2	19853	39374	  1247	  1430	     0	    0.34	    0.51	    0.05	    0.06	    0.00	    0.00	    0.14	    0.19	        9	     6999	     7005	        0	        0	        8	        8	       1049.0000	          1055.0	       1050.0000	         1050.00	   2	
n200w20.004.txt     	  202	 1537	   97	    2	19831	39267	  1481	  1537	     0	    0.00	    0.41	    0.05	    0.05	    0.00	    0.00	    0.17	    0.17	        0	     5668	     5668	        0	        0	       12	       12	          0.0000	             0.0	        984.0000	          984.00	   2	
n200w20.005.txt     	  202	 1338	  129	    2	19903	39466	  1120	  1338	     0	    0.00	    0.28	    0.02	    0.02	    0.00	    0.00	    0.10	    0.10	        0	     4578	     4578	        0	        0	        1	        1	          0.0000	             0.0	       1020.0000	         1020.00	   2	
n200w40.001.txt     	  202	 3092	  112	    2	19243	37712	  4415	  3092	     0	    0.95	   44.71	    0.10	   13.14	    0.00	    0.00	    0.26	   24.92	     6202	    10379	    17554	        0	        0	       14	      317	       1014.9444	    1000000000.0	       1023.0000	         1023.00	   2	
n200w40.002.txt     	  202	 3187	   88	    2	19177	37617	  4917	  3187	     0	    0.98	    2.43	    0.10	    0.44	    0.00	    0.00	    0.21	    0.90	       92	    16511	    19138	        0	        0	       21	       43	        946.3333	    1000000000.0	        951.0000	          951.00	   2	
n200w40.003.txt     	  202	 3224	   98	    2	19194	37580	  5037	  3224	     0	    0.57	    1.61	    0.07	    0.27	    0.00	    0.00	    0.10	    0.67	       55	     9870	    12933	        0	        0	        8	       24	        931.1667	    1000000000.0	        935.0000	          935.00	   2	
n200w40.004.txt     	  202	 3448	   87	    2	19135	37356	  6080	  3448	     0	    0.52	    0.62	    0.08	    0.09	    0.00	    0.00	    0.22	    0.23	        3	     7963	     7963	        0	        0	       18	       18	        981.0000	           986.0	        981.0000	          981.00	   2	
n200w40.005.txt     	  202	 3047	  127	    2	19246	37757	  4468	  3047	     0	    0.00	    0.37	    0.06	    0.06	    0.00	    0.00	    0.10	    0.10	        0	    10387	    10387	        0	        0	        5	        5	          0.0000	             0.0	       1037.0000	         1037.00	   2	
n20w100.001.txt     	   22	  216	    1	    2	  155	  268	   266	   216	     0	    0.01	    0.01	    0.00	    0.00	    0.00	    0.00	    0.00	    0.01	        5	      246	      247	        0	        0	        1	        3	        233.3333	    1000000000.0	        237.0000	          237.00	   2	
n20w100.002.txt     	   22	  247	    1	    2	  143	  237	   283	   247	     0	    0.00	    0.00	    0.00	    0.00	    0.00	    0.00	    0.00	    0.00	        0	       71	       71	        0	        0	        0	        0	          0.0000	             0.0	        222.0000	          222.00	   2	
n20w100.003.txt     	   22	  186	    7	    2	  162	  298	   188	   186	     0	    0.00	    0.01	    0.00	    0.00	    0.00	    0.00	    0.00	    0.00	        0	      152	      152	        0	        0	        1	        1	          0.0000	             0.0	        310.0000	          310.00	   2	
n20w100.004.txt     	   22	  198	    3	    2	  164	  286	   228	   198	     0	    0.00	    0.00	    0.00	    0.00	    0.00	    0.00	    0.00	    0.00	        0	       32	       32	        0	        0	        0	        0	          0.0000	             0.0	        349.0000	          349.00	   2	
n20w100.005.txt     	   22	  218	    3	    2	  147	  266	   264	   218	     0	    0.00	    0.00	    0.00	    0.00	    0.00	    0.00	    0.00	    0.00	        0	      155	      155	        0	        0	        0	        0	          0.0000	             0.0	        258.0000	          258.00	   2	
n20w20.001.txt      	   22	   41	   14	    2	  225	  443	    44	    41	     0	    0.00	    0.00	    0.00	    0.00	    0.00	    0.00	    0.00	    0.00	        0	       20	       20	        0	        0	        0	        0	          0.0000	             0.0	        378.0000	          378.00	   2	
n20w20.002.txt      	   22	   24	   18	    2	  230	  460	    42	    24	     0	    0.00	    0.00	    0.00	    0.00	    0.00	    0.00	    0.00	    0.00	        0	        0	        0	        0	        0	        0	        0	          0.0000	             0.0	        286.0000	          286.00	   2	
n20w20.003.txt      	   22	   35	   18	    2	  226	  449	    42	    35	     0	    0.00	    0.00	    0.00	    0.00	    0.00	    0.00	    0.00	    0.00	        0	        0	        0	        0	        0	        0	        0	          0.0000	             0.0	        394.0000	          394.00	   2	
n20w20.004.txt      	   22	   34	   15	    2	  227	  450	    42	    34	     0	    0.00	    0.00	    0.00	    0.00	    0.00	    0.00	    0.00	    0.00	        0	        0	        0	        0	        0	        1	        1	          0.0000	             0.0	        396.0000	          396.00	   2	
n20w20.005.txt      	   22	   36	   19	    2	  225	  448	    46	    36	     0	    0.00	    0.00	    0.00	    0.00	    0.00	    0.00	    0.00	    0.00	        0	        0	        0	        0	        0	        0	        0	          0.0000	             0.0	        352.0000	          352.00	   2	
n20w40.001.txt      	   22	   87	   12	    2	  206	  397	    60	    87	     0	    0.00	    0.00	    0.00	    0.00	    0.00	    0.00	    0.00	    0.00	        0	       36	       36	        0	        0	        0	        0	          0.0000	             0.0	        254.0000	          254.00	   2	
n20w40.002.txt      	   22	   52	   17	    2	  220	  432	    44	    52	     0	    0.00	    0.00	    0.00	    0.00	    0.00	    0.00	    0.00	    0.00	        0	        0	        0	        0	        0	        0	        0	          0.0000	             0.0	        333.0000	          333.00	   2	
n20w40.003.txt      	   22	   69	   17	    2	  216	  415	    49	    69	     0	    0.00	    0.00	    0.00	    0.00	    0.00	    0.00	    0.00	    0.00	        0	       44	       44	        0	        0	        0	        0	          0.0000	             0.0	        317.0000	          317.00	   2	
n20w40.004.txt      	   22	   65	   15	    2	  212	  419	    59	    65	     0	    0.00	    0.00	    0.00	    0.00	    0.00	    0.00	    0.00	    0.00	        0	       21	       21	        0	        0	        0	        0	          0.0000	             0.0	        388.0000	          388.00	   2	
n20w40.005.txt      	   22	   71	   15	    2	  214	  413	    63	    71	     0	    0.00	    0.00	    0.00	    0.00	    0.00	    0.00	    0.00	    0.00	        0	       86	       86	        0	        0	        0	        0	          0.0000	             0.0	        288.0000	          288.00	   2	
n20w60.001.txt      	   22	  127	    9	    2	  192	  357	   110	   127	     0	    0.00	    0.00	    0.00	    0.00	    0.00	    0.00	    0.00	    0.00	        0	       84	       84	        0	        0	        0	        0	          0.0000	             0.0	        335.0000	          335.00	   2	
n20w60.002.txt      	   22	  112	    8	    2	  202	  372	    82	   112	     0	    0.00	    0.00	    0.00	    0.00	    0.00	    0.00	    0.00	    0.00	        0	       27	       27	        0	        0	        0	        0	          0.0000	             0.0	        244.0000	          244.00	   2	
n20w60.003.txt      	   22	   79	   13	    2	  210	  405	    70	    79	     0	    0.00	    0.00	    0.00	    0.00	    0.00	    0.00	    0.00	    0.00	        0	       12	       12	        0	        0	        0	        0	          0.0000	             0.0	        352.0000	          352.00	   2	
n20w60.004.txt      	   22	  164	    6	    2	  177	  320	   170	   164	     0	    0.00	    0.00	    0.00	    0.00	    0.00	    0.00	    0.00	    0.00	        0	       91	       91	        0	        0	        0	        0	          0.0000	             0.0	        280.0000	          280.00	   2	
n20w60.005.txt      	   22	  117	    4	    2	  198	  367	    94	   117	     0	    0.00	    0.00	    0.00	    0.00	    0.00	    0.00	    0.00	    0.00	        0	       62	       62	        0	        0	        0	        0	          0.0000	             0.0	        338.0000	          338.00	   2	
n20w80.001.txt      	   22	  120	   11	    2	  196	  364	    83	   120	     0	    0.00	    0.00	    0.00	    0.00	    0.00	    0.00	    0.00	    0.00	        0	       90	       90	        0	        0	        0	        0	          0.0000	             0.0	        329.0000	          329.00	   2	
n20w80.002.txt      	   22	  135	    6	    2	  189	  349	   127	   135	     0	    0.00	    0.00	    0.00	    0.00	    0.00	    0.00	    0.00	    0.00	        0	       66	       66	        0	        0	        1	        1	          0.0000	             0.0	        338.0000	          338.00	   2	
n20w80.003.txt      	   22	  136	   13	    2	  188	  348	   133	   136	     0	    0.00	    0.00	    0.00	    0.00	    0.00	    0.00	    0.00	    0.00	        0	       50	       50	        0	        0	        0	        0	          0.0000	             0.0	        320.0000	          320.00	   2	
n20w80.004.txt      	   22	  146	    6	    2	  187	  338	   131	   146	     0	    0.00	    0.00	    0.00	    0.00	    0.00	    0.00	    0.00	    0.00	        0	       65	       65	        0	        0	        0	        0	          0.0000	             0.0	        304.0000	          304.00	   2	
n20w80.005.txt      	   22	  205	    3	    2	  159	  279	   255	   205	     0	    0.00	    0.01	    0.00	    0.00	    0.00	    0.00	    0.00	    0.00	        0	      147	      147	        0	        0	        1	        1	          0.0000	             0.0	        264.0000	          264.00	   2	
n40w100.001.txt     	   42	  682	   11	    2	  606	 1082	  1186	   682	     0	    0.20	    0.72	    0.00	    0.07	    0.00	    0.00	    0.02	    0.18	      239	      707	     1483	        0	        0	       14	       67	        405.9186	    1000000000.0	        429.0000	          429.00	   2	
n40w100.002.txt     	   42	  708	   12	    2	  588	 1056	  1170	   708	     0	    0.10	    0.69	    0.00	    0.12	    0.00	    0.00	    0.01	    0.19	      446	      938	     1482	        0	        0	        4	       33	        354.0455	    1000000000.0	        358.0000	          358.00	   2	
n40w100.003.txt     	   42	  612	   18	    2	  636	 1152	   963	   612	     0	    0.00	    0.02	    0.00	    0.00	    0.00	    0.00	    0.00	    0.00	        0	      503	      503	        0	        0	        0	        0	          0.0000	             0.0	        364.0000	          364.00	   2	
n40w100.004.txt     	   42	  528	   21	    2	  667	 1236	   685	   528	     0	    0.00	    0.02	    0.00	    0.00	    0.00	    0.00	    0.00	    0.00	        0	      371	      371	        0	        0	        1	        1	          0.0000	             0.0	        357.0000	          357.00	   2	
n40w100.005.txt     	   42	  674	   14	    2	  620	 1090	  1148	   674	     0	    0.10	    0.10	    0.00	    0.00	    0.00	    0.00	    0.02	    0.02	        1	      600	      600	        0	        0	        7	        7	        377.0000	           377.0	        377.0000	          377.00	   2	
n40w20.001.txt      	   42	  122	   25	    2	  831	 1642	   107	   122	     0	    0.00	    0.01	    0.00	    0.00	    0.00	    0.00	    0.01	    0.01	        0	      178	      178	        0	        0	        3	        3	          0.0000	             0.0	        500.0000	          500.00	   2	
n40w20.002.txt      	   42	  137	   28	    2	  830	 1627	   121	   137	     0	    0.00	    0.00	    0.00	    0.00	    0.00	    0.00	    0.00	    0.00	        0	      105	      105	        0	        0	        0	        0	          0.0000	             0.0	        552.0000	          552.00	   2	
n40w20.003.txt      	   42	  109	   23	    2	  837	 1655	   101	   109	     0	    0.00	    0.01	    0.00	    0.00	    0.00	    0.00	    0.00	    0.00	        0	       92	       92	        0	        0	        0	        0	          0.0000	             0.0	        478.0000	          478.00	   2	
n40w20.004.txt      	   42	  105	   32	    2	  840	 1659	    90	   105	     0	    0.00	    0.01	    0.00	    0.00	    0.00	    0.00	    0.00	    0.00	        0	       22	       22	        0	        0	        0	        0	          0.0000	             0.0	        404.0000	          404.00	   2	
n40w40.001.txt      	   42	  167	   32	    2	  815	 1597	   137	   167	     0	    0.00	    0.00	    0.00	    0.00	    0.00	    0.00	    0.00	    0.00	        0	      208	      208	        0	        0	        0	        0	          0.0000	             0.0	        465.0000	          465.00	   2	
n40w40.002.txt      	   42	  233	   25	    2	  787	 1531	   215	   233	     0	    0.00	    0.01	    0.00	    0.00	    0.00	    0.00	    0.00	    0.00	        0	      242	      242	        0	        0	        1	        1	          0.0000	             0.0	        461.0000	          461.00	   2	
n40w40.003.txt      	   42	  192	   27	    2	  804	 1572	   179	   192	     0	    0.00	    0.00	    0.00	    0.00	    0.00	    0.00	    0.00	    0.00	        0	      225	      225	        0	        0	        0	        0	          0.0000	             0.0	        474.0000	          474.00	   2	
n40w40.004.txt      	   42	  236	   22	    2	  789	 1528	   218	   236	     0	    0.00	    0.01	    0.00	    0.00	    0.00	    0.00	    0.00	    0.00	        0	      340	      340	        0	        0	        0	        0	          0.0000	             0.0	        452.0000	          452.00	   2	
n40w40.005.txt      	   42	  276	   18	    2	  779	 1488	   253	   276	     0	    0.00	    0.01	    0.00	    0.00	    0.00	    0.00	    0.00	    0.00	        0	      389	      389	        0	        0	        0	        0	          0.0000	             0.0	        453.0000	          453.00	   2	
n40w60.001.txt      	   42	  342	   19	    2	  751	 1422	   331	   342	     0	    0.09	    0.58	    0.00	    0.03	    0.00	    0.00	    0.03	    0.35	      341	      464	     1603	        0	        0	       13	       87	        485.0000	    1000000000.0	        494.0000	          494.00	   2	
n40w60.002.txt      	   42	  376	   15	    2	  740	 1388	   341	   376	     0	    0.00	    0.01	    0.00	    0.00	    0.00	    0.00	    0.00	    0.00	        0	      217	      217	        0	        0	        0	        0	          0.0000	             0.0	        470.0000	          470.00	   2	
n40w60.003.txt      	   42	  305	   28	    2	  765	 1459	   252	   305	     0	    0.00	    0.02	    0.00	    0.00	    0.00	    0.00	    0.00	    0.00	        0	      415	      415	        0	        0	        1	        1	          0.0000	             0.0	        408.0000	          408.00	   2	
n40w60.004.txt      	   42	  536	    5	    2	  673	 1228	   694	   536	     0	    0.00	    0.04	    0.00	    0.00	    0.00	    0.00	    0.00	    0.00	        0	      731	      731	        0	        0	        1	        1	          0.0000	             0.0	        382.0000	          382.00	   2	
n40w60.005.txt      	   42	  400	   16	    2	  731	 1364	   439	   400	     0	    0.00	    0.01	    0.00	    0.00	    0.00	    0.00	    0.00	    0.00	        0	      159	      159	        0	        0	        1	        1	          0.0000	             0.0	        328.0000	          328.00	   2	
n40w80.001.txt      	   42	  403	   22	    2	  724	 1361	   440	   403	     0	    0.00	    0.02	    0.00	    0.00	    0.00	    0.00	    0.00	    0.00	        0	      319	      319	        0	        0	        2	        2	          0.0000	             0.0	        395.0000	          395.00	   2	
n40w80.002.txt      	   42	  509	   25	    2	  674	 1255	   700	   509	     0	    0.09	    0.09	    0.00	    0.00	    0.00	    0.00	    0.02	    0.02	        3	      742	      742	        0	        0	        8	        8	        430.6667	           437.0	        431.0000	          431.00	   2	
n40w80.003.txt      	   42	  407	   21	    2	  731	 1357	   406	   407	     0	    0.05	    0.09	    0.00	    0.01	    0.00	    0.00	    0.01	    0.04	       33	      900	     1092	        0	        0	       13	       18	        410.4167	    1000000000.0	        412.0000	          412.00	   2	
n40w80.004.txt      	   42	  425	   20	    2	  726	 1339	   422	   425	     0	    0.00	    0.01	    0.00	    0.00	    0.00	    0.00	    0.00	    0.00	        0	      415	      415	        0	        0	        0	        0	          0.0000	             0.0	        417.0000	          417.00	   2	
n40w80.005.txt      	   42	  650	    7	    2	  647	 1114	   801	   650	     0	    0.00	    0.01	    0.00	    0.00	    0.00	    0.00	    0.00	    0.00	        0	      500	      500	        0	        0	        0	        0	          0.0000	             0.0	        344.0000	          344.00	   2	
n60w100.001.txt     	   62	 1242	   25	    2	 1425	 2602	  2508	  1242	     0	    0.07	    0.43	    0.01	    0.06	    0.00	    0.00	    0.00	    0.03	       62	     1739	     3772	        0	        0	        0	        6	        498.8571	    1000000000.0	        515.0000	          515.00	   2	
n60w100.002.txt     	   62	 1112	   15	    2	 1488	 2732	  2084	  1112	     0	    0.28	    0.45	    0.01	    0.04	    0.00	    0.00	    0.02	    0.06	       17	     2332	     2701	        0	        0	        5	        9	        534.0444	    1000000000.0	        538.0000	          538.00	   2	
n60w100.003.txt     	   62	 1301	   21	    2	 1416	 2543	  2704	  1301	     0	    0.31	    0.34	    0.01	    0.02	    0.00	    0.00	    0.08	    0.09	        9	     2073	     2077	        0	        0	       14	       15	        559.1359	    1000000000.0	        560.0000	          560.00	   2	
n60w100.004.txt     	   62	 1207	   19	    2	 1447	 2637	  2324	  1207	     0	    0.10	    0.30	    0.00	    0.02	    0.00	    0.00	    0.01	    0.06	       26	     1299	     2101	        0	        0	        6	       29	        505.5556	    1000000000.0	        510.0000	          510.00	   2	
n60w100.005.txt     	   62	 1258	   18	    2	 1415	 2586	  2390	  1258	     0	    0.00	    0.05	    0.00	    0.00	    0.00	    0.00	    0.01	    0.01	        0	      967	      967	        0	        0	        0	        0	          0.0000	             0.0	        451.0000	          451.00	   2	
n60w20.001.txt      	   62	  234	   42	    2	 1831	 3610	   191	   234	     0	    0.07	    0.17	    0.00	    0.01	    0.00	    0.00	    0.03	    0.11	       70	     1082	     1419	        0	        0	       13	       51	        546.5000	    1000000000.0	        552.0000	          552.00	   2	
n60w20.002.txt      	   62	  166	   43	    2	 1856	 3678	   140	   166	     0	    0.00	    0.01	    0.00	    0.00	    0.00	    0.00	    0.00	    0.00	        0	      129	      129	        0	        0	        0	        0	          0.0000	             0.0	        605.0000	          605.00	   2	
n60w20.003.txt      	   62	  250	   33	    2	 1823	 3594	   217	   250	     0	    0.00	    0.02	    0.00	    0.00	    0.00	    0.00	    0.01	    0.01	        0	      430	      430	        0	        0	        0	        0	          0.0000	             0.0	        533.0000	          533.00	   2	
n60w20.004.txt      	   62	  211	   39	    2	 1839	 3633	   180	   211	     0	    0.00	    0.01	    0.00	    0.00	    0.00	    0.00	    0.01	    0.01	        0	      147	      147	        0	        0	        0	        0	          0.0000	             0.0	        616.0000	          616.00	   2	
n60w20.005.txt      	   62	  144	   54	    2	 1861	 3700	   143	   144	     0	    0.00	    0.01	    0.00	    0.00	    0.00	    0.00	    0.00	    0.00	        0	       31	       31	        0	        0	        0	        0	          0.0000	             0.0	        603.0000	          603.00	   2	
n60w40.001.txt      	   62	  397	   35	    2	 1768	 3447	   376	   397	     0	    0.00	    0.03	    0.00	    0.00	    0.00	    0.00	    0.01	    0.01	        0	      845	      845	        0	        0	        2	        2	          0.0000	             0.0	        591.0000	          591.00	   2	
n60w40.002.txt      	   62	  463	   27	    2	 1745	 3381	   408	   463	     0	    0.00	    0.03	    0.00	    0.00	    0.00	    0.00	    0.01	    0.01	        0	      640	      640	        0	        0	        1	        1	          0.0000	             0.0	        621.0000	          621.00	   2	
n60w40.003.txt      	   62	  543	   24	    2	 1721	 3301	   561	   543	     0	    0.00	    0.08	    0.00	    0.00	    0.00	    0.00	    0.02	    0.02	        0	     1138	     1138	        0	        0	        9	        9	          0.0000	             0.0	        603.0000	          603.00	   2	
n60w40.004.txt      	   62	  332	   45	    2	 1801	 3512	   245	   332	     0	    0.00	    0.01	    0.00	    0.00	    0.00	    0.00	    0.01	    0.01	        0	      189	      189	        0	        0	        1	        1	          0.0000	             0.0	        597.0000	          597.00	   2	
n60w40.005.txt      	   62	  358	   38	    2	 1787	 3486	   252	   358	     0	    0.04	    0.10	    0.00	    0.01	    0.00	    0.00	    0.02	    0.06	       30	      781	      952	        0	        0	        9	       18	        534.5000	    1000000000.0	        540.0000	          540.00	   2	
n60w60.001.txt      	   62	  559	   42	    2	 1699	 3285	   558	   559	     0	    0.00	    0.01	    0.00	    0.00	    0.00	    0.00	    0.00	    0.00	        0	      324	      324	        0	        0	        0	        0	          0.0000	             0.0	        609.0000	          609.00	   2	
n60w60.002.txt      	   62	  731	   17	    2	 1658	 3113	   894	   731	     0	    0.00	    0.05	    0.00	    0.00	    0.00	    0.00	    0.01	    0.01	        0	      841	      841	        0	        0	        1	        1	          0.0000	             0.0	        566.0000	          566.00	   2	
n60w60.003.txt      	   62	  782	   32	    2	 1612	 3062	  1063	   782	     0	    0.05	    0.06	    0.00	    0.00	    0.00	    0.00	    0.01	    0.01	        2	     1509	     1509	        0	        0	        2	        2	        485.0000	    1000000000.0	        485.0000	          485.00	   2	
n60w60.004.txt      	   62	  551	   38	    2	 1703	 3293	   613	   551	     0	    0.17	    1.73	    0.01	    0.15	    0.00	    0.00	    0.04	    1.00	      769	     1200	     2632	        0	        0	       11	      211	        552.8139	    1000000000.0	        571.0000	          571.00	   2	
n60w60.005.txt      	   62	  567	   41	    2	 1708	 3277	   645	   567	     0	    0.00	    0.02	    0.00	    0.00	    0.00	    0.00	    0.00	    0.00	        0	      549	      549	        0	        0	        1	        1	          0.0000	             0.0	        569.0000	          569.00	   2	
n60w80.001.txt      	   62	  929	   30	    2	 1566	 2915	  1254	   929	     0	    0.07	    0.12	    0.00	    0.01	    0.00	    0.00	    0.02	    0.04	       21	     1058	     1219	        0	        0	        5	       13	        455.0417	           458.0	        458.0000	          458.00	   2	
n60w80.002.txt      	   62	 1065	   22	    2	 1519	 2779	  1944	  1065	     0	    0.21	    0.25	    0.01	    0.01	    0.00	    0.00	    0.01	    0.01	        5	     1215	     1215	        0	        0	        3	        3	        494.0000	           506.0	        498.0000	          498.00	   2	
n60w80.003.txt      	   62	  873	   20	    2	 1589	 2971	  1177	   873	     0	    0.15	    1.45	    0.01	    0.13	    0.00	    0.00	    0.01	    0.63	      241	     1701	     5868	        0	        0	        3	      145	        541.7500	    1000000000.0	        550.0000	          550.00	   2	
n60w80.004.txt      	   62	  895	   26	    2	 1578	 2949	  1239	   895	     0	    0.12	    0.17	    0.00	    0.01	    0.00	    0.00	    0.03	    0.04	       26	     1743	     1781	        0	        0	        9	        9	        562.5476	    1000000000.0	        567.0000	          567.00	   2	
n60w80.005.txt      	   62	 1145	   21	    2	 1505	 2699	  1953	  1145	     0	    0.08	    0.28	    0.01	    0.04	    0.00	    0.00	    0.01	    0.06	       42	     1990	     2509	        0	        0	        3	       21	        458.3571	    1000000000.0	        468.0000	          468.00	   2	
n80w20.001.txt      	   82	  392	   49	    2	 3212	 6332	   355	   392	     0	    0.04	    0.15	    0.00	    0.01	    0.00	    0.00	    0.02	    0.10	       37	     1247	     1742	        0	        0	        5	       23	        614.6667	    1000000000.0	        618.0000	          618.00	   2	
n80w20.002.txt      	   82	  293	   57	    2	 3246	 6431	   250	   293	     0	    0.00	    0.02	    0.00	    0.00	    0.00	    0.00	    0.01	    0.01	        0	      311	      311	        0	        0	        0	        0	          0.0000	             0.0	        737.0000	          737.00	   2	
n80w20.003.txt      	   82	  291	   59	    2	 3246	 6433	   260	   291	     0	    0.00	    0.04	    0.00	    0.00	    0.00	    0.00	    0.02	    0.02	        0	      363	      363	        0	        0	        5	        5	          0.0000	             0.0	        667.0000	          667.00	   2	
n80w20.004.txt      	   82	  350	   57	    2	 3231	 6374	   291	   350	     0	    0.00	    0.02	    0.00	    0.00	    0.00	    0.00	    0.01	    0.01	        0	      157	      157	        0	        0	        1	        1	          0.0000	             0.0	        615.0000	          615.00	   2	
n80w20.005.txt      	   82	  279	   58	    2	 3252	 6445	   245	   279	     0	    0.00	    0.03	    0.00	    0.00	    0.00	    0.00	    0.01	    0.01	        0	      177	      177	        0	        0	        0	        0	          0.0000	             0.0	        748.0000	          748.00	   2	
n80w40.001.txt      	   82	  661	   46	    2	 3095	 6063	   689	   661	     0	    0.00	    0.03	    0.00	    0.00	    0.00	    0.00	    0.01	    0.01	        0	      905	      905	        0	        0	        0	        0	          0.0000	             0.0	        606.0000	          606.00	   2	
n80w40.002.txt      	   82	  753	   45	    2	 3081	 5971	   722	   753	     0	    0.16	    0.20	    0.01	    0.01	    0.00	    0.00	    0.05	    0.07	       14	     2629	     2852	        0	        0	       15	       19	        616.0000	    1000000000.0	        618.0000	          618.00	   2	
n80w40.003.txt      	   82	  677	   50	    2	 3108	 6047	   718	   677	     0	    0.00	    0.15	    0.01	    0.01	    0.00	    0.00	    0.02	    0.02	        0	     1903	     1903	        0	        0	        2	        2	          0.0000	             0.0	        674.0000	          674.00	   2	
n80w40.004.txt      	   82	  742	   39	    2	 3088	 5982	   752	   742	     0	    0.17	    0.77	    0.01	    0.08	    0.00	    0.00	    0.04	    0.43	      175	     2057	     2997	        0	        0	       10	      109	        553.5000	    1000000000.0	        557.0000	          557.00	   2	
n80w40.005.txt      	   82	  722	   40	    2	 3095	 6002	   704	   722	     0	    0.20	    0.55	    0.01	    0.06	    0.00	    0.00	    0.07	    0.30	      144	     1424	     2026	        0	        0	       16	       61	        691.0263	    1000000000.0	        696.0000	          696.00	   2	
n80w60.001.txt      	   82	  876	   58	    2	 3031	 5848	   831	   876	     0	    0.00	    0.05	    0.00	    0.00	    0.00	    0.00	    0.01	    0.01	        0	      773	      773	        0	        0	        1	        1	          0.0000	             0.0	        554.0000	          554.00	   2	
n80w60.002.txt      	   82	 1136	   51	    2	 2904	 5588	  1734	  1136	     0	    0.00	    0.05	    0.00	    0.00	    0.00	    0.00	    0.01	    0.01	        0	     1366	     1366	        0	        0	        1	        1	          0.0000	             0.0	        633.0000	          633.00	   2	
n80w60.003.txt      	   82	 1129	   41	    2	 2934	 5595	  1474	  1129	     0	    0.17	    0.45	    0.01	    0.06	    0.00	    0.00	    0.06	    0.21	      104	     1993	     2981	        0	        0	       21	       58	        649.0000	    1000000000.0	        651.0000	          651.00	   2	
n80w60.004.txt      	   82	 1098	   45	    2	 2946	 5626	  1631	  1098	     0	    0.00	    0.05	    0.00	    0.00	    0.00	    0.00	    0.01	    0.01	        0	     1337	     1337	        0	        0	        0	        0	          0.0000	             0.0	        619.0000	          619.00	   2	
n80w60.005.txt      	   82	 1172	   26	    2	 2917	 5552	  1673	  1172	     0	    0.14	    0.51	    0.01	    0.08	    0.00	    0.00	    0.01	    0.12	       67	     2244	     3746	        0	        0	        1	       22	        562.0357	    1000000000.0	        575.0000	          575.00	   2	
n80w80.001.txt      	   82	 1170	   55	    2	 2914	 5554	  1572	  1170	     0	    0.05	    0.07	    0.00	    0.00	    0.00	    0.00	    0.01	    0.01	        2	     1737	     1737	        0	        0	        2	        2	        624.0000	           629.0	        624.0000	          624.00	   2	
n80w80.002.txt      	   82	 1321	   35	    2	 2820	 5403	  2043	  1321	     0	    0.00	    0.08	    0.01	    0.01	    0.00	    0.00	    0.02	    0.02	        0	     1868	     1868	        0	        0	        4	        4	          0.0000	             0.0	        592.0000	          592.00	   2	
n80w80.003.txt      	   82	 1586	   35	    2	 2764	 5138	  3090	  1586	     0	    0.06	    0.19	    0.01	    0.03	    0.00	    0.00	    0.00	    0.04	       19	     1944	     2757	        0	        0	        0	        9	        583.5000	    1000000000.0	        589.0000	          589.00	   2	
n80w80.004.txt      	   82	 1694	   16	    2	 2693	 5030	  3279	  1694	     0	    0.22	    0.49	    0.02	    0.08	    0.00	    0.00	    0.03	    0.11	       71	     3040	     3341	        0	        0	        7	       16	        589.6667	    1000000000.0	        595.0000	          595.00	   2	
n80w80.005.txt      	   82	 1318	   43	    2	 2854	 5406	  2178	  1318	     0	    0.00	    0.05	    0.00	    0.00	    0.00	    0.00	    0.01	    0.01	        0	     1488	     1488	        0	        0	        1	        1	          0.0000	             0.0	        570.0000	          570.00	   2	
