rc_201.1.txt        	   21	  149	    2	    2	  166	  292	   143	   149	     0	    0.00	    0.01	    0.00	    0.00	    0.00	    0.00	    0.00	    0.00	        0	      141	      141	        0	        0	        4	        4	          0.0000	             0.0	        444.5425	          444.54	   2	
rc_201.2.txt        	   27	  180	    5	    2	  301	  549	   145	   180	     0	    0.00	    0.01	    0.00	    0.00	    0.00	    0.00	    0.00	    0.00	        0	      190	      190	        0	        0	        1	        1	          0.0000	             0.0	        711.5374	          711.54	   2	
rc_201.3.txt        	   33	  249	    0	    2	  456	  840	   219	   249	     0	    0.06	    0.24	    0.00	    0.03	    0.00	    0.00	    0.02	    0.10	      306	      355	      679	        0	        0	       10	       37	        775.7970	           803.1	        790.6069	          790.61	   2	
rc_201.4.txt        	   27	  174	    6	    2	  300	  555	   147	   174	     0	    0.02	    0.01	    0.00	    0.00	    0.00	    0.00	    0.00	    0.00	        1	      294	      294	        0	        0	        4	        4	        793.0679	           793.7	        793.7218	          793.72	   2	
rc_202.1.txt        	   34	  624	    2	    2	  292	  532	   964	   624	     0	    0.13	   34.30	    0.01	    2.64	    0.00	    0.00	    0.00	    5.10	    20046	      479	     3652	        0	        0	        1	      529	        733.9559	           786.3	        771.7760	          771.78	   2	
rc_202.2.txt        	   15	  165	    0	    2	   35	   60	   131	   165	     0	    0.00	    0.00	    0.00	    0.00	    0.00	    0.00	    0.00	    0.00	        0	       43	       43	        0	        0	        0	        0	          0.0000	             0.0	        304.1418	          304.14	   2	
rc_202.3.txt        	   30	  287	    5	    2	  331	  613	   379	   287	     0	    0.01	    0.16	    0.00	    0.01	    0.00	    0.00	    0.00	    0.08	      157	      274	      513	        0	        0	        0	       29	        806.4457	           839.6	        837.7192	          837.72	   2	
rc_202.4.txt        	   29	  475	    2	    2	  200	  366	   591	   475	     0	    0.10	    3.36	    0.00	    0.29	    0.00	    0.00	    0.02	    0.71	     2178	      329	     1667	        0	        0	       10	      157	        762.4452	           819.7	        793.0296	          793.03	   2	
rc_203.1.txt        	   20	  269	    0	    2	   76	  131	   299	   269	     0	    0.00	    0.01	    0.00	    0.00	    0.00	    0.00	    0.01	    0.01	        0	       78	       78	        0	        0	        1	        1	          0.0000	             0.0	        453.4821	          453.48	   2	
rc_203.2.txt        	   34	  834	    0	    2	  180	  322	  1130	   834	     0	    0.13	    0.59	    0.00	    0.04	    0.00	    0.00	    0.01	    0.14	      221	      491	      872	        0	        0	        2	       43	        762.2873	           804.7	        784.1583	          784.16	   2	
rc_203.3.txt        	   38	 1088	    0	    2	  199	  356	  1984	  1088	     0	    0.13	 7626.45	    0.00	  106.05	    0.00	    0.07	    0.02	  195.47	   762365	      353	    13359	        0	        0	        5	     3315	        765.1508	           892.2	        817.5262	          817.53	   2	
rc_203.4.txt        	   16	  198	    0	    2	   34	   58	    77	   198	     0	    0.00	    0.00	    0.00	    0.00	    0.00	    0.00	    0.00	    0.00	        0	       33	       33	        0	        0	        0	        0	          0.0000	             0.0	        314.2893	          314.29	   2	
rc_204.2.txt        	   34	 1011	    0	    2	   91	  145	   606	  1011	     0	    0.09	10713.86	    0.01	  143.24	    0.00	    0.10	    0.01	  221.96	   578504	      185	    22665	        0	        0	        5	     6435	        621.1353	           673.2	        649.7092	          669.23	   1	
rc_204.3.txt        	   25	  542	    0	    2	   51	   83	   125	   542	     0	    0.02	    0.10	    0.00	    0.01	    0.00	    0.00	    0.01	    0.04	       85	       64	      150	        0	        0	        4	       18	        439.0588	           465.5	        455.0315	          455.03	   2	
rc_205.1.txt        	   15	   93	    4	    2	   71	  132	    78	    93	     0	    0.00	    0.00	    0.00	    0.00	    0.00	    0.00	    0.00	    0.00	        0	       34	       34	        0	        0	        0	        0	          0.0000	             0.0	        343.2095	          343.21	   2	
rc_205.2.txt        	   28	  279	   11	    2	  272	  505	   329	   279	     0	    0.07	    0.50	    0.00	    0.04	    0.00	    0.00	    0.01	    0.16	      496	      296	      832	        0	        0	       12	       86	        718.9845	           758.6	        755.9257	          755.93	   2	
rc_205.3.txt        	   36	  665	   16	    2	  367	  631	  1463	   665	     0	    0.13	    4.21	    0.00	    0.28	    0.00	    0.00	    0.05	    2.36	     1801	      370	     1890	        0	        0	       16	      340	        817.4818	           836.3	        825.0585	          825.06	   2	
rc_205.4.txt        	   29	  255	   12	    2	  308	  586	   298	   255	     0	    0.12	    0.70	    0.00	    0.04	    0.00	    0.00	    0.03	    0.36	      462	      408	      886	        0	        0	       11	      123	        741.1963	           784.7	        760.4704	          760.47	   2	
rc_206.1.txt        	    5	   12	    0	    1	    7	   13	     8	    12	     0	    0.00	    0.00	    0.00	    0.00	    0.00	    0.00	    0.00	    0.00	        0	        3	        3	        0	        0	        0	        0	          0.0000	             0.0	        117.8479	          117.85	   2	
rc_206.2.txt        	   38	  780	    0	    2	  421	  664	  1476	   780	     0	    0.11	  644.82	    0.00	   62.03	    0.00	    0.01	    0.00	   40.77	   132676	      397	     8812	        0	        0	        0	     2018	        782.0166	           847.2	        828.0591	          828.06	   2	
rc_206.3.txt        	   26	  422	    0	    2	  170	  254	   570	   422	     0	    0.03	    2.09	    0.00	    0.34	    0.00	    0.00	    0.01	    0.70	     2058	      158	      727	        0	        0	        6	      231	        540.8416	           587.8	        574.4181	          574.42	   2	
rc_207.1.txt        	   35	  818	    0	    2	  255	  407	  1740	   818	     0	    0.12	    0.45	    0.00	    0.05	    0.00	    0.00	    0.01	    0.11	      128	      304	      465	        0	        0	        2	       25	        729.3501	           737.8	        732.6830	          732.68	   2	
rc_207.3.txt        	   34	  873	    0	    2	  172	  283	  1417	   873	     0	    0.14	   30.48	    0.00	    2.56	    0.00	    0.00	    0.00	    4.41	     9895	      335	     3182	        0	        0	        0	      423	        655.8257	           698.9	        682.4043	          682.40	   2	
rc_207.4.txt        	    7	   30	    0	    1	   11	   19	    12	    30	     0	    0.00	    0.00	    0.00	    0.00	    0.00	    0.00	    0.00	    0.00	        0	        8	        8	        0	        0	        0	        0	          0.0000	             0.0	        119.6388	          119.64	   2	
rc_208.2.txt        	   30	  812	    0	    1	   57	   88	   447	   812	     0	    0.12	    0.57	    0.00	    0.01	    0.00	    0.00	    0.05	    0.35	      183	       77	      170	        0	        0	        6	       53	        524.9785	           545.7	        533.7797	          533.78	   2	
